chr	pos	stat	pvals	fdrs
Group1.1	1134367	5.91616405757077	3.29536526137273e-09	2.77702660522298e-07
Group1.1	1134854	3.77328162818064	0.000161114242574296	0.00408544893839979
Group1.1	1136644	3.02516396746429	0.00248498368549649	0.0414459778973878
Group1.1	1251842	-7.50911407349733	5.95288368464174e-14	1.11199867229108e-11
Group1.1	1252004	-6.08081778867031	1.19571112915302e-09	1.08076857544734e-07
Group1.1	1263998	-2.96832078221781	0.00299431659061785	0.0486381164458621
Group1.2	753072	6.01517646539855	1.79690845858123e-09	1.59839285744273e-07
Group1.2	753280	3.19936601168564	0.00137730191226623	0.025987878506195
Group1.2	762763	8.1235145796114	4.52874319469033e-16	1.23800374941681e-13
Group1.2	780645	-3.37474224220339	0.000738848577042964	0.0152786251872648
Group1.2	838480	3.60714852708349	0.000309580467551351	0.00722094515969057
Group1.2	838574	3.64365393246449	0.000268794773464153	0.00645107456313967
Group1.7	54519	4.88428204551064	1.03806395819565e-06	4.74882483406404e-05
Group1.7	294841	-3.34392551487712	0.000826019117508558	0.016863428541049
Group1.7	378551	3.0554898327461	0.00224693220949096	0.0379843381658743
Group1.7	451083	-3.42289064409137	0.00061958998281181	0.0130135789530196
Group1.8	61814	-5.12371776992733	2.99569287644941e-07	1.60649405546627e-05
Group1.8	61987	-4.33716018777461	1.44335435095021e-05	0.000467546692643063
Group1.8	62475	3.30350908546702	0.000954828753538186	0.0189497851740211
Group1.8	269030	-4.89980654066969	9.5931068002202e-07	4.47998087570283e-05
Group1.8	274259	-3.67123188454329	0.00024138421193486	0.00589273399650528
Group1.10	228595	-5.11106002792101	3.20356163481988e-07	1.69365654731421e-05
Group1.10	339747	-5.18816347890278	2.12378126767304e-07	1.19614776121002e-05
Group1.10	786700	3.19821476852841	0.00138281253051125	0.0260043000704197
Group1.10	976912	-4.33267079127506	1.47311304080607e-05	0.000474443993142367
Group1.10	1382508	-4.30943752442048	1.63670285639687e-05	0.000524119017557033
Group1.10	1382518	-3.62578080500665	0.00028808965014353	0.00682644566344332
Group1.10	1382574	-4.52428192252851	6.06009015307279e-06	0.000224163334771089
Group1.14	336446	-4.26133049139365	2.03213457420391e-05	0.000642997537112349
Group1.14	336938	-3.61670668905975	0.000298375079890131	0.00701087609100332
Group1.15	1107488	4.75369074504462	1.99736483893299e-06	8.47972163437915e-05
Group1.18	17704	4.37764388439626	1.19969159972956e-05	0.000401377416411014
Group1.21	111732	5.42724023747749	5.72320724642568e-08	3.66546896102508e-06
Group1.21	111743	4.19659153768807	2.70961975359346e-05	0.000829765524543048
Group1.21	503343	-4.36462353411583	1.27341871142339e-05	0.000423515635538083
Group1.21	600125	-3.60634791629219	0.000310536720821811	0.00722094515969057
Group1.21	600151	3.18994742348968	0.00142298679207728	0.0266257695586013
Group1.21	600180	3.87518426468502	0.00010654404556202	0.00282972905843393
Group1.21	600248	3.65170586948553	0.000260504147086276	0.00629252258737711
Group1.21	600332	-3.84982520050899	0.000118202150815985	0.00310988193977831
Group1.23	129976	4.17888754390218	2.92938481870589e-05	0.000894619756077811
Group1.23	590963	-4.44624064060326	8.73860562143103e-06	0.000306069661890622
Group1.23	591009	-3.68030149582871	0.000232958349537507	0.00572587101231662
Group1.27	309944	-5.25395517662735	1.48867125142154e-07	8.60052958037765e-06
Group1.27	355267	-4.13554290231372	3.54116446409732e-05	0.00105276846985684
Group1.29	397985	7.45031832248413	9.31152860384536e-14	1.63068144674842e-11
Group1.29	398010	6.57264855333981	4.94280319341995e-11	5.71123074142791e-09
Group1.29	431795	3.71860622669311	0.000200325048094389	0.00501170343536141
Group1.29	654680	-4.28241695361587	1.84874140171012e-05	0.000590333151862308
Group1.34	228252	-4.55692560284316	5.19077995078989e-06	0.00019856062009711
Group1.35	456641	-4.95859569780701	7.1004560309717e-07	3.41553266931892e-05
Group1.37	158681	3.14010639794247	0.00168886484516313	0.0304321498144507
Group1.37	1286925	5.00080144709689	5.70924858292771e-07	2.86947345818178e-05
Group1.37	1286944	5.66414001180351	1.47763720685877e-08	1.06847469770794e-06
Group1.37	1287261	-3.56900730943328	0.000358336429049595	0.00816307865200785
Group1.37	1906574	3.11295397022671	0.00185224903671243	0.0327962199106997
Group1.37	1908298	3.19873592774283	0.00138031540053111	0.0260009664019373
Group1.37	1908548	3.5139567949446	0.000441484613929517	0.00972133507450299
Group1.41	155689	10.4949715422903	9.11051637881921e-26	1.02110667573806e-22
Group1.41	451318	4.35436120811429	1.33455500989591e-05	0.000439932133850393
Group1.41	722245	-6.48429280101087	8.91489443873654e-11	9.7958957715058e-09
Group1.42	164468	-12.1829489094489	3.83172402393383e-34	1.07364907150626e-30
Group1.42	164543	11.0152944209495	3.22480571477185e-28	5.16337463588042e-25
Group1.42	213102	-4.87851120764962	1.06889591307613e-06	4.86183829164693e-05
Group2.7	220106	3.47436166101604	0.000512070334079408	0.0109737749605392
Group2.7	222594	-3.53561409275058	0.000406828524835437	0.00908313567003104
Group2.7	222601	-5.02168168700954	5.122101996263e-07	2.59767055086497e-05
Group2.7	289888	4.2683522014528	1.96922235835937e-05	0.000625242045113084
Group2.7	289926	4.82545350422671	1.39685050930468e-06	6.16374035759327e-05
Group2.7	300883	-5.18075417948708	2.20990566275214e-07	1.23226978448388e-05
Group2.11	190561	-4.46652724821894	7.94995407132604e-06	0.000284159727078571
Group2.11	190601	-4.74697071129779	2.06485838274571e-06	8.70035065932852e-05
Group2.17	613502	3.69681290481641	0.000218323120106662	0.00543770117812326
Group2.17	1027340	6.91933346605717	4.53773571991425e-12	6.27888172207395e-10
Group2.17	1027467	4.87416230639261	1.09271126235246e-06	4.93834993082517e-05
Group2.17	1027509	11.2080590675331	3.72267050240553e-29	6.95394849849353e-26
Group2.18	1223058	3.39451614245607	0.000687499869038582	0.014322487978038
Group2.19	3032	-3.52475023066243	0.00042388225778787	0.00938907578119852
Group2.19	3059	-4.46555117673859	7.98628783277569e-06	0.000284159727078571
Group2.19	21097	-3.54972563009174	0.000385632840282753	0.00864434574777818
Group2.19	21142	4.89131783023798	1.00163071862638e-06	4.61986711702242e-05
Group2.19	25865	3.4181256858208	0.00063053982205393	0.0132095146272532
Group2.19	25979	3.32073148723947	0.000897818695463667	0.0180659819367267
Group2.19	41991	-5.37546710445486	7.63843973002649e-08	4.72992444718988e-06
Group2.19	80196	5.92680259371526	3.08889928776406e-09	2.62275630433784e-07
Group2.19	80201	6.33768423096329	2.3324423359828e-10	2.4849310956044e-08
Group2.19	80214	6.8512840171077	7.31900388738696e-12	9.42889604250954e-10
Group2.19	624878	3.18310405779946	0.0014570524000395	0.0271535879542454
Group2.19	625308	-4.89831584816094	9.66615700325609e-07	4.49536463454333e-05
Group2.19	1023031	6.57330717694864	4.92097890794016e-11	5.71123074142791e-09
Group2.19	1023404	3.6841096043782	0.000229503477981457	0.00566580392338365
Group2.19	1225442	5.07160834776839	3.94467572795896e-07	2.06597782985813e-05
Group2.19	1233229	3.41298304610083	0.000642559394738399	0.0134362046571418
Group2.19	1233244	4.43066658607958	9.39422427655487e-06	0.00032698902388704
Group2.19	1233413	-3.67449484510592	0.000238320455518638	0.00583208660579233
Group2.19	1233763	3.68321395702235	0.000230311693738249	0.00567326035916109
Group2.19	1233792	3.05486952822901	0.00225158449150538	0.0380056611156511
Group2.19	1234440	3.22922240483871	0.00124127321859582	0.0237004944361533
Group2.19	1332907	3.64389904432592	0.000268538786866041	0.00645107456313967
Group2.19	1333034	3.3837362001388	0.000715066714831962	0.0148141732714171
Group2.19	1651784	-4.0523428847312	5.07072758547381e-05	0.00144612505796413
Group2.19	1652210	-6.31516112021948	2.69880153039128e-10	2.78171144107999e-08
Group3.3	628012	4.24502558904858	2.18568476716959e-05	0.000684278069006614
Group3.5	155963	-4.33352468273438	1.46740819780697e-05	0.000473968619049583
Group3.5	190108	-3.17594090669503	0.00149351371288859	0.0276226100561969
Group3.7	35092	-9.8886718670936	4.66171312878527e-23	3.48323204982835e-20
Group3.7	79744	-6.22692001580441	4.75693811845212e-10	4.59618641651822e-08
Group3.7	121314	3.50325762614789	0.000459604710841848	0.00998304185875084
Group3.7	285504	3.10713053865419	0.00188912959267637	0.0329767937893862
Group3.8	955175	-7.46467333556408	8.35065196947838e-14	1.48562075037958e-11
Group3.8	955207	-7.48517393725974	7.14524415080861e-14	1.29167574906876e-11
Group3.8	955234	-9.66437209908825	4.27231735463959e-22	2.81671370063533e-19
Group3.8	955325	-5.1405804060908	2.738910830762e-07	1.49018022287284e-05
Group3.8	955358	-3.11649278957332	0.00183016156065294	0.0324564094490478
Group3.8	955372	-5.40005334533417	6.66210835071312e-08	4.1482727997107e-06
Group3.8	955503	-3.3173560754076	0.000908737213074401	0.0182529152045482
Group3.8	955525	-4.20170883489227	2.64907713679589e-05	0.000813448124635845
Group3.8	955558	-6.00906044197175	1.86601554153146e-09	1.64679544799091e-07
Group3.8	955581	-6.20468149478993	5.4807788848088e-10	5.16206468411236e-08
Group3.8	955634	-5.88268960282676	4.03652507952807e-09	3.35121282158153e-07
Group3.8	994140	-5.67892516486138	1.35543760347098e-08	9.89526743124539e-07
Group3.8	994171	-6.49325375044116	8.40020223260681e-11	9.41494666230571e-09
Group3.8	994203	-6.67461615298795	2.47880088649075e-11	3.01982612345525e-09
Group3.8	994362	-7.66242444907626	1.82455467832294e-14	3.58765067274448e-12
Group3.9	423181	3.37218889844134	0.00074573282260049	0.015392584669809
Group3.9	973851	-7.15638498714109	8.2832312757906e-13	1.27175967313782e-10
Group3.9	998479	4.08888570586982	4.33450344747634e-05	0.0012520905834875
Group3.9	1101260	3.82320302525625	0.000131729226227644	0.00340189209115077
Group3.9	1102460	-4.39831015034428	1.09096999985589e-05	0.000372792431658074
Group3.9	1102777	-6.48539292977837	8.85008310571179e-11	9.7958957715058e-09
Group3.9	1104055	-3.99443792809076	6.4847907076113e-05	0.00179904787749771
Group3.9	1112955	-3.88219547739913	0.000103517609174496	0.00275587972358136
Group3.9	1112967	-4.45451100111089	8.40846178509201e-06	0.000296358615368903
Group3.9	1197396	3.97054089829823	7.17096446074699e-05	0.00196990611951108
Group3.9	1204462	3.44571106906061	0.00056955897770137	0.0120673289642286
Group3.12	243984	-4.72196192655747	2.33580415383371e-06	9.73222786474654e-05
Group3.14	60948	11.8134883605758	3.32475047794712e-32	7.45276067136626e-29
Group3.14	60953	12.3007115623112	8.97797235578548e-35	3.35417047212146e-31
Group3.14	112967	-3.91148785124816	9.17292712580015e-05	0.00247735342713176
Group3.14	113018	-7.01660984963643	2.27316199198855e-12	3.22501260838072e-10
Group3.14	113036	-8.24791325869192	1.61184293451766e-16	4.63218861796768e-14
Group3.14	552761	-3.12074583337772	0.00180393658531947	0.032092890870255
Group3.14	553717	-3.50866002077269	0.000450370212171587	0.00983959835912656
Group3.14	553732	-2.9654415934902	0.00302248731207976	0.0488127345731844
Group3.14	582736	-5.0495327127469	4.42892093767986e-07	2.28752745942469e-05
Group3.14	582754	-4.04500667217684	5.23216339604276e-05	0.00148086079148604
Group3.15	376668	-4.40563638186327	1.05473765734212e-05	0.000361513751177079
Group3.15	377292	-2.9658233652551	0.00301873810771041	0.0488127345731844
Group3.15	464126	3.50814386001374	0.000451244964007053	0.00983959835912656
Group3.15	474819	3.28295712651161	0.00102724287337806	0.0201634643166749
Group3.15	481540	3.56292131165617	0.000366750639207018	0.00833781169215468
Group3.15	536681	-4.21900332011472	2.45384660218138e-05	0.000759743445227871
Group3.15	536695	-5.27545892536218	1.32424270473058e-07	7.77073938985361e-06
Group3.15	637384	-4.13064291301657	3.6175012337002e-05	0.00106978769992907
Group3.15	637675	-3.92339436151153	8.73100584307874e-05	0.00236369839345958
Group3.15	676438	3.01862173734006	0.0025392735920969	0.0422349490816716
Group3.15	676999	-3.60686605416685	0.000309917539311107	0.00722094515969057
Group3.15	677007	-4.15885928006029	3.19840854055697e-05	0.000968858457366554
Group3.15	766447	4.98568526250971	6.17425840965235e-07	3.02188158320452e-05
Group3.16	480337	-3.64214390115699	0.000270376851534326	0.00647517895725797
Group3.16	516117	2.98380482808616	0.00284688302104829	0.0465129225946199
Group3.16	549498	3.20080624271916	0.00137043652358872	0.0259019436026684
Group3.16	550008	-3.56174359230457	0.000368400083053152	0.00835835654020189
Group3.18	200099	-5.99283239537138	2.06217358581569e-09	1.77791088844787e-07
Group3.18	200144	-6.91707131669039	4.61076007375163e-12	6.29081715901077e-10
Group3.18	200903	-4.12093627853061	3.77335789323065e-05	0.00110711505935417
Group3.18	201763	-3.1235924668084	0.00178657719093849	0.0318345900731933
Group3.18	400731	-5.166862112589	2.3805675072187e-07	1.31435471038952e-05
Group3.19	16940	3.3635753128301	0.000769398401838866	0.0158227840143303
Group3.19	62693	-5.60551374732021	2.07638140253257e-08	1.43212909814034e-06
Group4.1	328794	-4.49293481980811	7.02482905670338e-06	0.000254803508309164
Group4.1	328932	-5.62327274764143	1.87373205948988e-08	1.31254930767266e-06
Group4.1	329430	7.2274893943618	4.9200455115542e-13	7.76674226669006e-11
Group4.6	519474	-3.26512987113678	0.00109413897520771	0.0211798093853679
Group4.6	519476	-4.55769000678775	5.17192956148535e-06	0.000198517077140849
Group4.6	615475	3.52021723948747	0.000431193475828818	0.00953218240057079
Group4.6	622561	8.35108533249455	6.76385306362101e-17	1.99498066150169e-14
Group4.6	622570	9.29692002327545	1.44572896070101e-20	9.00207232863162e-18
Group4.6	922209	5.8552096445565	4.76408666244065e-09	3.86926690671266e-07
Group4.6	922269	3.60888621973842	0.000307514437476182	0.0071954526414051
Group4.7	32289	4.56862134738353	4.9094280138325e-06	0.000190397471207733
Group4.7	32436	6.83305362119439	8.31258663191633e-12	1.05872126102862e-09
Group4.7	32448	5.89129473050456	3.83181428879894e-09	3.20499810066109e-07
Group4.7	32568	6.28406922384669	3.2982372777677e-10	3.30059316153754e-08
Group4.7	308687	4.42697039984594	9.55658405380029e-06	0.000331610507972116
Group4.7	357396	-4.1269400758525	3.67622138755387e-05	0.00108429182399221
Group4.7	357422	-4.72341296693826	2.31919234998982e-06	9.69907009652461e-05
Group4.7	357611	-5.24855427858353	1.53297475384033e-07	8.8110672005346e-06
Group4.7	357653	-3.81462566424047	0.000136389519934729	0.0035141465274217
Group4.7	357695	-4.92735397471482	8.33506727774568e-07	3.95845059529549e-05
Group4.9	1914865	3.33048404573463	0.000866951316029602	0.0175393327618408
Group4.9	1915892	4.15540324256542	3.24714340876461e-05	0.000978332885092306
Group4.9	1915923	4.99287908618025	5.94858015236503e-07	2.9370786937316e-05
Group4.9	2152780	-3.26694552301786	0.00108714598183389	0.0211022581322922
Group4.12	66191	5.72547998406781	1.0314170665148e-08	7.81089356857963e-07
Group4.13	382553	5.6410086849952	1.69056833487762e-08	1.20687196798143e-06
Group4.13	498410	8.2000813539686	2.40224403547329e-16	6.73108778739615e-14
Group4.13	963991	3.59592409787942	0.000323242046600027	0.00746989042947031
Group4.13	964008	7.11903812462612	1.08682847454686e-12	1.60278599246332e-10
Group4.13	1980860	-3.01855597957056	0.00253982473956519	0.0422349490816716
Group4.13	1980893	5.34408954060035	9.08726421456698e-08	5.50540850361442e-06
Group4.13	2290122	-5.23100961893253	1.68586735947308e-07	9.59147277409864e-06
Group4.13	2290247	-3.18051706118001	0.00147012482241178	0.0272800645854159
Group4.13	2290264	3.77640688431365	0.00015910700189739	0.00405288926651352
Group4.13	2290340	5.36496914411315	8.09630586427548e-08	4.93170631123911e-06
Group4.13	2290511	5.6873297432368	1.29041146768303e-08	9.51508666433645e-07
Group4.13	2290554	4.65794017763439	3.19388986893227e-06	0.000129231471664234
Group4.13	2290580	4.99370699402464	5.92312383700839e-07	2.9370786937316e-05
Group4.13	2290614	3.27074319897012	0.00107265266976394	0.0209083323873291
Group4.13	2290637	5.41082830842903	6.27338969205514e-08	3.9441334829764e-06
Group4.13	2290723	4.34107369619759	1.41788153512191e-05	0.000460626557844822
Group4.13	2290733	4.14726501412171	3.36470517999389e-05	0.00100564308419657
Group4.13	2290782	3.59070838273082	0.000329780448899583	0.00760530714252371
Group4.13	2290804	3.38902946020168	0.000701404743808037	0.0145850544871994
Group4.13	2290822	4.79190483549573	1.65205265027291e-06	7.17682407141813e-05
Group4.13	2290856	5.42480851006297	5.80167031276528e-08	3.69460914008371e-06
Group4.13	2290893	5.93140431975109	3.00354572619614e-09	2.56975118314552e-07
Group4.13	2290923	5.17536353747683	2.27467635815567e-07	1.26210755555489e-05
Group4.13	2291016	4.84205829963794	1.28501047326663e-06	5.71523705729063e-05
Group4.13	2309821	3.68586263606032	0.000227929272226045	0.00565183912192371
Group4.13	2309846	4.9935497211347	5.92795153335096e-07	2.9370786937316e-05
Group4.13	2310066	4.59091623062321	4.41304443774323e-06	0.000171740979368841
Group4.16	7482	3.99238906921149	6.54109349452543e-05	0.00180572847011431
Group5.1	118573	4.1150817149956	3.87042274234344e-05	0.00113262919311189
Group5.2	728094	-5.65469269606543	1.5612535253387e-08	1.12170060974334e-06
Group5.2	730761	-4.59691122836177	4.28800201706774e-06	0.000168609895202365
Group5.2	730842	-5.43196676760894	5.57363041993895e-08	3.59018676705033e-06
Group5.2	730879	-4.35287087864412	1.34366295083554e-05	0.000440878548630939
Group5.2	731034	-3.67073894960398	0.000241850253247005	0.00589273399650528
Group5.2	732753	-3.30617401881489	0.000945793291448819	0.01883224348535
Group5.9	1345969	4.0972969345448	4.18002573454539e-05	0.00121058729800477
Group5.11	573627	5.11623590465535	3.11693187951313e-07	1.65566694339257e-05
Group5.14	1226259	-6.55095282303781	5.71711195856848e-11	6.47246372036723e-09
Group5.14	2106016	7.76281080570673	8.30674833965966e-15	1.69276427983465e-12
Group5.14	2106049	7.84401650402637	4.36359717985714e-15	9.40523022919977e-13
Group5.14	2263120	-8.98971199132281	2.47879136140492e-19	1.11129174314505e-16
Group5.14	2263679	-3.35573621586467	0.000791540273998549	0.0162483212288933
Group5.14	2269486	3.33837789360511	0.000842690586919836	0.0170793419497243
Group5.14	2285198	3.66836857636881	0.000244103116267515	0.00593472392001369
Group5.14	2285508	3.16246416122171	0.00156439990457864	0.0285102343585648
Group5.14	2285604	2.99007154711227	0.00278912108822697	0.0457693545488255
Group5.14	2448041	3.0086006444003	0.00262453856220469	0.0433861772937907
Group5.14	2654668	-6.89719010857614	5.30411811006529e-12	7.07720902114426e-10
Group5.15	20806	-5.12267436208312	3.01232321428353e-07	1.60771993265189e-05
Group5.15	25275	-3.1043444467994	0.00190701175827066	0.0330514734023548
Group5.15	63905	3.25051824891802	0.00115194875109939	0.0221458689576707
Group5.15	212249	-3.00324899296584	0.00267113791722732	0.0440266379062997
Group5.16	31663	3.57871622433618	0.00034528613423331	0.00791404292942114
Group5.18	173399	3.11068838428008	0.00186651795585697	0.0328929768069889
Group5.18	180851	-3.1052978314174	0.00190087516202879	0.0330514734023548
Group5.18	194757	-9.76897829844614	1.52987040599424e-22	1.07167421939896e-19
Group5.18	194783	-8.0397246579689	9.00405635786297e-16	2.34691775950996e-13
Group5.18	321704	2.95981929747123	0.00307819536516401	0.0496408829536089
Group5.18	470574	4.94205810051141	7.73021700963722e-07	3.68682009548996e-05
Group5.18	483370	3.25800979915638	0.00112196531994854	0.0216436958794892
Group5.18	483378	3.79610275001052	0.000146988595982467	0.00375272934799884
Group5.18	585785	-3.63384420751314	0.000279229505321039	0.00664459510751212
Group5.18	585927	-4.41699514948992	1.00082475208844e-05	0.00034621122905578
Group5.18	585977	-6.56112181519951	5.34044703719752e-11	6.10772759111324e-09
Group5.18	602404	3.05611185534281	0.00224227588778141	0.0379628824021964
Group5.18	626798	3.33957353458089	0.000839071334306257	0.0170677159980118
Group5.18	626988	6.86636949339884	6.58563668975499e-12	8.68374306103223e-10
Group5.18	648431	3.17102222125246	0.00151903522631621	0.0277884582905481
Group5.20	391488	-3.16774599932798	0.00153625676859987	0.0280429411440836
Group5.20	406687	3.21126088977117	0.00132153898098504	0.0251473835295082
Group5.20	411571	5.69591563980362	1.22711545658628e-08	9.10828479299275e-07
Group5.20	411600	3.48143782228909	0.000498729556383842	0.0107495401306733
Group5.20	411871	8.0605833672174	7.5931207807085e-16	2.02627851690907e-13
Group5.20	411971	4.99363466668313	5.92534354814488e-07	2.9370786937316e-05
Group5.20	424636	-4.23863955946372	2.24878370399061e-05	0.000702071525190161
Group5.20	424659	-5.72427667772399	1.03875346762899e-08	7.81365695650046e-07
Group5.20	424867	-3.14399065519955	0.00166660761703362	0.0302254662972699
Group5.20	425248	6.63657418744755	3.2105738299495e-11	3.86925929957785e-09
Group5.20	477845	3.17193159048613	0.00151428673340146	0.0277884582905481
Group5.20	479301	-4.96049052730437	7.03153904039574e-07	3.39696075710153e-05
Group5.20	481645	-4.84950327654681	1.23771025230327e-06	5.52679542144024e-05
Group6.1	173878	3.07820748772924	0.00208249863454418	0.0355260954276579
Group6.1	176370	-8.82203797722405	1.12395117594444e-18	4.84509414614821e-16
Group6.2	451148	-5.42067935238466	5.93729713143096e-08	3.75961730220781e-06
Group6.2	462078	3.04902243099904	0.00229587338689185	0.0386949607823818
Group6.2	490638	2.98537299925484	0.00283232722417989	0.046410414515509
Group6.2	491306	3.42269942304292	0.000620025977954361	0.0130135789530196
Group6.7	129708	-3.62013537874543	0.000294448916812358	0.00693315852864057
Group6.10	342054	-4.64662523963785	3.37409321701113e-06	0.00013554421783606
Group6.10	342061	-4.88534627669229	1.03247234275376e-06	4.742602466223e-05
Group6.10	342083	-6.24929539070202	4.12308483979654e-10	4.05364341091576e-08
Group6.15	229561	3.3061764667428	0.000945785028277292	0.01883224348535
Group6.15	254542	-5.04687171997412	4.4910266511752e-07	2.30896452781521e-05
Group6.15	589935	-3.57497560737475	0.000350260550399113	0.0079953569223488
Group6.15	589948	-3.10171726535251	0.00192401625358409	0.033260492661369
Group6.20	141886	-3.4713068032248	0.000517931874662992	0.0110571056213768
Group6.20	225824	-4.79872790173626	1.59676545681731e-06	6.99083876562827e-05
Group6.20	226144	4.62329511538483	3.77691779110079e-06	0.000150112392208006
Group6.20	230147	3.06583316352806	0.00217064397191149	0.0369174167483823
Group6.20	808481	-4.73165375480232	2.2269804001342e-06	9.34831323022625e-05
Group6.20	829073	-3.30338052563501	0.000955266650903097	0.0189497851740211
Group6.20	877671	3.21804084093889	0.00129069438358331	0.0246022153932003
Group6.20	877724	4.35260513614865	1.34529321584387e-05	0.000440878548630939
Group6.20	877766	4.49673316305618	6.90055000820525e-06	0.000251108326272612
Group6.28	42300	-3.90296796300232	9.5020283993916e-05	0.00255392648202353
Group6.28	42307	-4.55158470961574	5.32433524281854e-06	0.000201605234464561
Group6.28	69200	-3.62077536458125	0.000293721454910985	0.00693058961398384
Group6.31	220764	-4.5655816145442	4.98111351499287e-06	0.000192511449227724
Group6.31	220833	-3.09815921933608	0.00194726779522586	0.0335253109814001
Group6.36	287551	-7.36525917192136	1.76803035175569e-13	2.91413002683496e-11
Group6.37	90693	-8.57898223350776	9.57162574992103e-18	3.5759593801705e-15
Group6.37	254955	-5.59647705791223	2.1875125341683e-08	1.47696629415412e-06
Group6.37	398969	-3.58530172396628	0.000336688721047489	0.00774868005236192
Group6.37	401246	4.53873565640143	5.65925267059322e-06	0.000210727255588069
Group6.37	1303622	-4.38012293518655	1.1861237290314e-05	0.000399221464113632
Group6.38	686957	4.46105218953645	8.15582234374208e-06	0.000289273597559055
Group7.2	102892	3.05655091336311	0.00223899452270422	0.0379628824021964
Group7.2	102899	3.13455016390309	0.00172117822812516	0.0309211249565626
Group7.2	102990	-4.7065396204374	2.51957034787935e-06	0.000103821119334675
Group7.2	103186	4.1259237159665	3.69249658323287e-05	0.00108623364054787
Group7.2	103197	4.38165423953091	1.17781619043487e-05	0.000397619393445602
Group7.5	392349	-5.7470347620457	9.08220631336754e-09	7.02023230070506e-07
Group7.5	758023	4.05769883535825	4.95586187710673e-05	0.00141697193669929
Group7.5	759936	-5.73108750059268	9.97887699240575e-09	7.60838458033222e-07
Group7.6	169872	4.74766459458448	2.0577891236351e-06	8.70035065932852e-05
Group7.6	169884	5.37241062849622	7.76909383065184e-08	4.78439580516186e-06
Group7.6	169917	5.80415541515823	6.46912523935914e-09	5.14226636047781e-07
Group7.6	169925	6.20237502385727	5.56173482637025e-10	5.19466032782982e-08
Group7.6	182095	-3.55635155855126	0.000376040795653056	0.00848021174583391
Group7.6	208428	3.08636320416364	0.00202621155067828	0.034724432813459
Group7.6	209101	-9.16541980709665	4.93544923129363e-20	2.634119761159e-17
Group7.6	209344	-7.12646147088044	1.02982047816447e-12	1.53896372256898e-10
Group7.6	211679	5.32853157154128	9.90099883493715e-08	5.93424571882222e-06
Group7.6	234594	3.1081417941886	0.00188267716989031	0.0329767937893862
Group7.6	234840	-4.35163057761446	1.35128805648548e-05	0.000441552085629425
Group7.6	241246	4.53415801155772	5.78337231828988e-06	0.00021463588391852
Group7.6	246646	3.18156981339089	0.0014647921443604	0.0272261863250271
Group7.6	246896	6.31501251345592	2.70139616896352e-10	2.78171144107999e-08
Group7.7	151484	-5.04171449997003	4.6137929543371e-07	2.36125075032924e-05
Group7.7	151490	-5.50196031438937	3.75591509808828e-08	2.47625273055138e-06
Group7.9	101311	-3.20862306730144	0.00133372216480668	0.0253362000392429
Group7.9	102351	3.12725844807055	0.00176444744376253	0.0315909376193139
Group7.9	102391	3.1094569875828	0.00187431572331811	0.0329767937893862
Group7.9	102399	4.10823764584326	3.98689754365888e-05	0.00116029177923627
Group7.9	102420	4.9892786636354	6.06051693347319e-07	2.97922253466524e-05
Group7.9	102465	4.21952285346754	2.44819906510307e-05	0.000759743445227871
Group7.9	320801	3.87254715820691	0.000107703828070566	0.00285376951540167
Group7.15	136477	-3.24306528422278	0.0011825111213236	0.0226557002526409
Group7.17	521655	3.13449212692043	0.00172151873419835	0.0309211249565626
Group7.19	63598	3.90955220470455	9.24673713147469e-05	0.00249128436946078
Group7.19	63603	6.17883186378564	6.4577624380851e-10	5.98170259554196e-08
Group7.19	63658	7.7651772302802	8.15311366901671e-15	1.69222403708036e-12
Group7.19	65170	5.01083634057284	5.41939897151419e-07	2.7360641294023e-05
Group7.19	65185	5.55087886006388	2.84237003958413e-08	1.89626686926541e-06
Group7.19	75024	3.11729677911726	0.00182517733229923	0.0324193146440726
Group7.21	31695	-3.51165954344975	0.000445318079371277	0.0097865196737123
Group7.21	1155041	5.75773599230913	8.52495432230942e-09	6.6352561141975e-07
Group7.21	1155114	4.68225074475994	2.83742100771663e-06	0.000116065016987183
Group7.21	1155132	5.6007061291997	2.13480383542563e-08	1.45888995620535e-06
Group7.21	1155140	5.36686067770025	8.0118896039518e-08	4.90695402628917e-06
Group7.21	1155200	5.18649256749915	2.14291572063941e-07	1.20088996984633e-05
Group7.21	1155341	3.85301499622331	0.000116672241781103	0.00307685290795906
Group7.21	1155378	3.99707877510863	6.41289649531793e-05	0.00178351721884673
Group7.21	1155407	4.03174650705654	5.53638851835098e-05	0.00155518402289919
Group7.24	415105	5.82512730575601	5.7069080098261e-09	4.60165647295906e-07
Group7.24	418015	3.46227255529687	0.000535634425387904	0.0114132901896343
Group7.24	435405	-4.77177128036006	1.82612808070557e-06	7.84185575806439e-05
Group7.24	436858	7.28184879504348	3.29276023915177e-13	5.27217953720186e-11
Group7.24	456576	7.58047758656962	3.44285241776086e-14	6.54025252512944e-12
Group7.24	675467	-5.74103123942997	9.4101727821317e-09	7.22391894124193e-07
Group7.24	675616	-3.06212235947655	0.00219773594413441	0.037321552214937
Group8.1	265918	-3.30611846827335	0.000945980824612066	0.01883224348535
Group8.5	234968	5.67839706631757	1.35962810886134e-08	9.89526743124539e-07
Group8.5	234979	5.16220882940663	2.44052807698847e-07	1.34085483759249e-05
Group8.6	385377	8.03583557735029	9.29433125486579e-16	2.36751965237581e-13
Group8.6	547493	-3.99381441483526	6.50187615657584e-05	0.00179933402377536
Group8.6	1615712	-5.52482866743481	3.29807295838255e-08	2.18726637381962e-06
Group8.6	1670607	-4.38350870282977	1.16782981334784e-05	0.000395439170634519
Group8.6	1670627	-3.57793476561785	0.000346319854907479	0.00792153659959802
Group8.7	917816	3.74542414259266	0.000180089258717111	0.00452565114731252
Group8.7	917837	5.5612656657543	2.67825125182878e-08	1.79747545092796e-06
Group8.7	917851	4.35823047975909	1.31118263253334e-05	0.000433797322941507
Group8.7	917985	4.3949237280546	1.10811654335892e-05	0.000376861218821592
Group8.7	917994	3.96273896155136	7.40947829613939e-05	0.00202549835958854
Group8.7	918015	3.63178958277638	0.00028146258129688	0.00668354366774457
Group8.7	918047	4.71401086136701	2.42887707680934e-06	0.000100825386210663
Group8.7	918065	3.77350034217875	0.000160972998541866	0.00408544893839979
Group8.7	918176	8.47688936092907	2.31294709864772e-17	7.85560941867989e-15
Group8.8	917344	-3.76558372137993	0.00016616043327561	0.00420389646987142
Group8.8	925465	3.09912773892335	0.00194091317600283	0.0334673151948304
Group8.9	126820	3.84451798249156	0.000120789627842147	0.00314839569501113
Group8.11	436945	-5.19377811880336	2.06068718957273e-07	1.16647383943086e-05
Group8.12	182090	3.27915284509131	0.00104119226682985	0.0203713041588863
Group8.14	37607	-3.14099465531423	0.00168375105078902	0.0304321498144507
Group8.14	95811	-3.50355367235104	0.000459094127474374	0.00998304185875084
Group8.17	38367	-4.67042417443567	3.00578420286637e-06	0.000122060975890313
Group8.17	80411	-4.40743555152725	1.04601710791008e-05	0.000359624532069209
Group8.17	80443	-5.7092681077983	1.13463034056287e-08	8.47795790468578e-07
Group8.21	490962	-4.02447748383542	5.71019568276914e-05	0.00159999683031191
Group8.21	565223	-3.18623338055374	0.00144138273249926	0.0269250294430863
Group8.21	566857	-4.25358187884426	2.10377963188485e-05	0.000662336014442847
Group8.21	760975	-7.81035033025864	5.70292449041316e-15	1.20600712619907e-12
Group8.21	766595	-4.05078563704655	5.10459553576936e-05	0.00145208900418535
Group9.10	278240	-4.37766174778047	1.19959330552523e-05	0.000401377416411014
Group9.10	704889	3.47358437263258	0.000513555870742984	0.0109846072505484
Group9.10	704902	3.25336486557705	0.0011404695549657	0.021962856996659
Group9.10	774725	-5.43937397125179	5.34681162008949e-08	3.4639921756048e-06
Group9.10	790087	6.33651972164805	2.35013112182429e-10	2.4849310956044e-08
Group9.10	1029778	4.51379111744497	6.36789374718879e-06	0.000232479977584664
Group9.10	1029940	8.80202819958013	1.3436540829244e-18	5.57765739311728e-16
Group9.10	1030086	5.6374579134657	1.72578764032732e-08	1.21651747627601e-06
Group9.10	1030100	7.13067398462757	9.98786358576618e-13	1.51275641985496e-10
Group9.10	1030163	2.96964694721448	0.00298142180233785	0.0484989485640096
Group9.10	1721524	7.50188001324824	6.29089457863938e-14	1.15587453176049e-11
Group9.10	1735697	-3.63640314205635	0.000276471531820422	0.00659296367796444
Group9.10	1735740	-4.30996678514466	1.63279067985375e-05	0.000524119017557033
Group9.10	1736423	-3.3256478819728	0.00088213291364164	0.0178143165695414
Group9.10	1741629	-3.74254051361403	0.000182169151119753	0.00456767750727112
Group9.10	1741665	-3.68651084738963	0.000227349755475257	0.00564996908950483
Group9.10	1746096	6.15439419944091	7.53650156058183e-10	6.86740727569115e-08
Group9.10	1755670	4.1556687441403	3.24337459629323e-05	0.000978332885092306
Group9.10	1783618	4.78825814974845	1.68235150010753e-06	7.25222908200202e-05
Group9.10	1783743	-3.98526201612227	6.74057048675586e-05	0.00185622393158623
Group9.10	1784175	4.65373207921165	3.25980317265805e-06	0.000131424007047307
Group9.10	1798861	-3.53040871958876	0.000414918158794921	0.00922698953129658
Group9.10	1798989	-4.34541357772988	1.39013495656603e-05	0.000452925366081165
Group9.10	1799434	6.85512896106565	7.12482156687843e-12	9.28546513041552e-10
Group9.10	1911286	-3.55481257250757	0.000378248618624651	0.00851287252519094
Group9.10	1911406	3.19127597418649	0.00141645911113295	0.0265479493604985
Group9.10	1937581	-6.91560776814764	4.65861727514181e-12	6.29081715901077e-10
Group9.12	577666	-2.98304421150217	0.00285396764860741	0.0465607997170187
Group9.12	866922	-3.70809065231084	0.000208827902887407	0.00521279094779967
Group9.12	1250443	-3.94727493515611	7.9045766651223e-05	0.00215035182676434
Group9.12	1271554	3.34837698098126	0.000812863593307635	0.0166251371419562
Group9.12	1398241	-3.64872629421779	0.000263543700270661	0.00635225331749155
Group10.17	119716	-6.07950331247133	1.20555391880341e-09	1.08094786575589e-07
Group10.21	232488	3.20356841219896	0.00135735786949803	0.0256980861509019
Group10.21	233549	-6.60455646601493	3.98709223627705e-11	4.7039294509677e-09
Group10.21	233556	-9.18226062465686	4.22134679871567e-20	2.36564274600026e-17
Group10.21	233579	-15.239215457804	1.94188066766223e-52	2.17645985231583e-48
Group10.21	233633	-15.0488870158327	3.51091344923441e-51	1.96751589695096e-47
Group10.21	246616	10.3738341335183	3.26169267313071e-25	3.04642095670408e-22
Group10.21	246914	3.32272175653521	0.000891437843269383	0.0179698477470562
Group10.23	526283	-3.5267190890784	0.000420742903251261	0.0093379929893864
Group10.23	1030653	-3.11077167838002	0.00186599157712177	0.0328929768069889
Group10.25	82850	4.14325166587481	3.42415826342477e-05	0.00102069058022513
Group10.26	215665	4.82068634274622	1.43065148241082e-06	6.28813404504334e-05
Group10.26	308373	9.03785717386401	1.59772946692597e-19	7.46139661054428e-17
Group10.26	321478	5.29469967122951	1.19212168661835e-07	7.06947082731138e-06
Group10.26	321487	6.2169357835415	5.06957109133766e-10	4.85638912749679e-08
Group10.26	935616	-3.79902006123124	0.000145269334637005	0.00371730297399899
Group10.26	935844	-5.79941181555456	6.65479224996104e-09	5.25259940405376e-07
Group10.26	1070025	3.4989189415258	0.000467148573880929	0.0101077243553233
Group10.26	1458815	-7.40941666867897	1.2685615606838e-13	2.15424817759758e-11
Group10.26	1458829	-7.3213151970806	2.45552313671032e-13	3.98862366902163e-11
Group10.26	1467085	-6.72445080873026	1.76255950502981e-11	2.1708535090521e-09
Group10.26	1467099	-7.89068481297163	3.00532795288023e-15	6.60465013644737e-13
Group10.26	1468007	-3.03137540008983	0.0024344237240197	0.0407239120877803
Group10.26	1486358	8.54360601898291	1.30097049695205e-17	4.70363784833503e-15
Group10.26	1489937	3.29241847332634	0.000993296917758562	0.0196346946282857
Group10.26	1489951	3.45620503577796	0.00054783842947011	0.0116511823861499
Group10.26	1623169	-3.04634316224796	0.0023164329274556	0.0389828532296132
Group10.26	1623184	-4.14831427276169	3.3493240835749e-05	0.00100372257563389
Group10.26	1646158	3.19766736806415	0.00138543988086721	0.0260100673111552
Group10.26	1773632	-4.70238588946273	2.57138932578319e-06	0.000105568247484901
Group10.26	2343958	6.79741844804503	1.06510403423398e-11	1.34131303547128e-09
Group10.26	2343967	4.60810691229871	4.06351719853471e-06	0.000160932511523594
Group10.26	2361515	-8.02182970091922	1.04181513936455e-15	2.59481424044398e-13
Group11.1	507125	-5.82125140456231	5.84086330852897e-09	4.67602828299948e-07
Group11.1	520209	3.03396762342291	0.00241360331081498	0.040496505849722
Group11.1	520710	3.88782204474309	0.000101147738163269	0.00269919964127124
Group11.1	542107	4.20766097546977	2.58027587577678e-05	0.000794498132299619
Group11.1	582479	-4.55513039341227	5.23530927700797e-06	0.00019958281080512
Group11.1	582482	-5.60498153944303	2.08277161845892e-08	1.43212909814034e-06
Group11.3	126294	10.8241417623258	2.64545858157851e-27	3.70628747279149e-24
Group11.3	189750	-3.4103647824896	0.000648760446216403	0.0135406090897457
Group11.3	393305	-8.45272917159979	2.84571252314888e-17	9.38080763513312e-15
Group11.3	393429	9.19738017210838	3.66782882483975e-20	2.16363291941073e-17
Group11.3	393431	10.8080207921706	3.15401472895189e-27	3.92779967578809e-24
Group11.3	393676	3.45359521868329	0.000553166982504946	0.011742226401355
Group11.3	393740	-4.04425957861902	5.2488739593534e-05	0.00148184834600587
Group11.3	402849	3.30032178964439	0.000965740263505249	0.0191237047232629
Group11.3	523488	-4.45311157964137	8.46347437972645e-06	0.000297362447799292
Group11.3	523537	-6.75485214447957	1.42980990102335e-11	1.78058993007441e-09
Group11.3	523645	-3.59781818882475	0.000320897800843751	0.00744642350280904
Group11.4	16466	9.9887460405839	1.7072774600498e-23	1.47193582863371e-20
Group11.6	13088	4.16403983372647	3.1266552949763e-05	0.000949689770896865
Group11.6	53171	-4.16501993894948	3.11325355112425e-05	0.000948188744592407
Group11.6	54639	-4.60348906917732	4.15471012548627e-06	0.000163964757346655
Group11.8	431127	3.55963796571352	0.000371366396039015	0.00840863548849551
Group11.8	434446	3.17250786201701	0.00151128467335749	0.0277884582905481
Group11.16	739654	7.90954534323978	2.58330599145896e-15	6.03201949005668e-13
Group11.16	739662	7.97617135231902	1.50942352599458e-15	3.6777432346407e-13
Group11.18	2556752	5.99480690369434	2.03727371589898e-09	1.77005920990665e-07
Group11.18	3308265	3.03812171591778	0.00238057780361117	0.0400022728978621
Group11.18	3538590	5.25987980271702	1.44149596869361e-07	8.41473271724892e-06
Group11.18	4731679	-3.27907851179829	0.00104146656700944	0.0203713041588863
Group11.20	27788	-3.08056685394376	0.00206606966438362	0.0353470582165626
Group11.20	29732	4.15124400416019	3.30672992120085e-05	0.000993614717340994
Group11.20	58904	3.50017061551407	0.000464960460553748	0.0100798391525849
Group11.20	130180	3.68435842092284	0.000229279423400943	0.00566580392338365
Group11.20	130593	4.63778314599491	3.52165986881663e-06	0.000140465351635932
Group11.20	556282	-3.66138023829196	0.000250860121522004	0.00607265711019142
Group11.20	563489	-4.27952075199342	1.8729617495997e-05	0.00059636804799754
Group11.20	566534	-4.08109264010029	4.48244834209758e-05	0.00129149822668971
Group11.20	585838	-8.3962245350859	4.61063588818777e-17	1.47645734385167e-14
Group11.20	590034	3.28317602022322	0.00102644552861586	0.0201634643166749
Group11.20	590132	4.04614456669562	5.20680845721844e-05	0.00147741542249378
Group11.20	721223	5.4397363522068	5.33594766854759e-08	3.4639921756048e-06
Group12.5	55448	3.55785716966795	0.00037389251425705	0.00844876471732463
Group12.5	425295	3.00418543561278	0.0026629296760857	0.0439559879375088
Group12.5	466150	-3.67630798001142	0.000236633820877283	0.0058034832918875
Group12.10	121295	6.96094521904193	3.37997196191232e-12	4.73534071863916e-10
Group12.16	385142	3.83046046701974	0.000127903682314901	0.003326089260755
Group12.16	541053	-3.84671940381008	0.000119709933105703	0.00313483394917925
Group12.17	129089	3.18282375898115	0.00145846359283152	0.0271535879542454
Group12.17	1494020	-3.84478637967114	0.000120657501755608	0.00314839569501113
Group12.17	2282994	-3.84897057901932	0.00011861525133829	0.00311344200702471
Group12.17	2693699	-5.1064949427101	3.28189389893593e-07	1.72692332484854e-05
Group13.3	115916	3.01778381117529	0.00254630484476633	0.0422799773335422
Group13.4	107256	-8.70745532204812	3.10772653320996e-18	1.2010827235937e-15
Group13.5	576447	-10.4804438828008	1.06243903443109e-25	1.08252879071852e-22
Group13.5	642847	3.3167341405718	0.000910762375699474	0.0182608670963143
Group13.7	397437	-4.39463269365855	1.10960208967814e-05	0.000376861218821592
Group13.9	235198	3.01101285891277	0.00260377825721333	0.0431065682523589
Group13.9	235208	4.46678658600788	7.94032695832949e-06	0.000284159727078571
Group13.9	235281	-3.59663017641901	0.000322366291900972	0.00746504421410351
Group13.9	314607	3.44045663154683	0.000580733497557227	0.0122808698879649
Group13.10	72819	-3.10141968807535	0.00192595108290761	0.033260492661369
Group13.10	1108787	3.17149531403491	0.00151656314811773	0.0277884582905481
Group13.10	1116336	-3.10461787106318	0.0019052499658532	0.0330514734023548
Group13.12	322518	-4.11249471876375	3.91406427376841e-05	0.00114241750990615
Group13.12	322672	-5.05278740216346	4.35408464159961e-07	2.2592861418078e-05
Group13.12	408277	4.97932198234225	6.38074125071589e-07	3.10936295382712e-05
Group13.12	642027	-3.50985230030671	0.000448355669422879	0.00981478582596022
Group13.12	1313914	-4.51482066766438	6.33703675912656e-06	0.000232109503255851
Group13.12	1316603	-4.90961286171551	9.12563677276061e-07	4.31561759278907e-05
Group14.8	286987	4.97027777572084	6.6857049405553e-07	3.24386930622268e-05
Group14.9	1231115	2.97700829246233	0.00291076137028408	0.0474183334856744
Group14.13	3666	7.89281842346102	2.95437307599868e-15	6.60465013644737e-13
Group14.13	6140	3.43021295301094	0.000603107716852709	0.0127060738542954
Group14.13	6156	4.44437178267544	8.81490583889351e-06	0.000307780263683235
Group14.13	1294277	4.20776385680369	2.57910173904833e-05	0.000794498132299619
Group14.14	18555	-4.76706046324896	1.86933224180004e-06	7.97874208983143e-05
Group14.14	800108	-6.30409009856023	2.89891832018069e-10	2.95373423023501e-08
Group14.14	800203	-4.40748035003612	1.0458008512e-05	0.000359624532069209
Group14.14	800242	-4.01438482995546	5.96010368127237e-05	0.00166171248904728
Group14.14	944130	5.15781274375142	2.49851304444712e-07	1.36601630254455e-05
Group14.14	957068	-5.13176152024256	2.87043044545691e-07	1.55419248467058e-05
Group14.14	1010284	-3.94817531663075	7.874912758978e-05	0.0021474944574848
Group14.14	1010758	4.59620757484812	4.30250089470703e-06	0.000168609895202365
Group14.14	1122287	3.03183622321947	0.00243071047914423	0.0407225755609096
Group14.14	1123882	4.54585983583447	5.47114380498612e-06	0.000206292187874737
Group14.15	222150	-4.45805944760927	8.27049678913602e-06	0.000292415545781188
Group14.15	222166	-4.54081702674039	5.60366482222825e-06	0.000209352917758447
Group14.15	222176	-5.87227788051488	4.29847431968426e-09	3.54244854228097e-07
Group14.15	222295	-3.24480428967629	0.00117531370551096	0.0225563630331625
Group14.15	227060	3.33848290832123	0.000842372124125212	0.0170793419497243
Group14.15	227284	-4.70951107259318	2.48311725035358e-06	0.000102696598309826
Group14.15	227301	-5.24176060184039	1.59051641828414e-07	9.09515715108605e-06
Group14.15	227318	-3.94305497364638	8.04502050145309e-05	0.00218325883245245
Group14.15	228088	-3.29172939500363	0.000995733724302108	0.0196482105316515
Group14.15	228248	-3.07548787300002	0.00210158474631628	0.0357972064387734
Group14.15	228362	-4.83910659833782	1.30424082483356e-06	5.77783840503342e-05
Group14.15	678583	8.76169383281183	1.92338087546396e-18	7.69901887578573e-16
Group14.15	683974	3.20704536748065	0.00134105845053818	0.0254324587371099
Group14.15	685117	3.26665817896976	0.00108824992866389	0.0211022581322922
Group14.15	699954	-3.08016637043014	0.0020688499455804	0.0353470582165626
Group14.15	699969	-3.10419893376027	0.00190794997245927	0.0330514734023548
Group14.15	700920	4.87175887000877	1.10609113816022e-06	4.97874276164649e-05
Group14.15	700987	-3.11106684388746	0.0018641273704316	0.0328929768069889
Group14.15	1383679	-6.0070172338683	1.88967437190473e-09	1.65464612189908e-07
Group14.15	1386735	-4.89209020915003	9.97706937992365e-07	4.61986711702242e-05
Group14.15	1387086	9.95600108898339	2.37421175691999e-23	1.90072609796852e-20
Group14.15	1387267	8.37977672365257	5.30282005546651e-17	1.65094464393524e-14
Group14.15	1387560	4.01937477164057	5.83527872935757e-05	0.00163096768076408
Group15.3	92515	3.51597749791839	0.000438138116365399	0.00966663781146337
Group15.3	92527	3.12493028243623	0.00177847205306006	0.0317912516279062
Group15.3	106320	-9.1344183064952	6.57593388953722e-20	3.35013941063332e-17
Group15.13	421336	3.62213172419945	0.000292185263371036	0.00690888698705184
Group15.14	1252926	-3.13081064504747	0.00174324521661719	0.0312612678205527
Group15.19	172609	4.54469234177074	5.50155505438789e-06	0.000206292187874737
Group15.19	172626	5.03677490086609	4.73440988940203e-07	2.41196663820082e-05
Group15.19	276609	-3.47875438428643	0.000503750066901057	0.010836911228075
Group15.19	349720	3.81381947662742	0.000136835437396135	0.00351754950077038
Group15.19	1691287	2.99522062199882	0.00274246401745689	0.0450697019173854
Group15.19	2311267	-3.15595980263075	0.0015997090528559	0.0291063945850793
Group15.19	2311304	-3.26874487815209	0.00108025655807926	0.0210199921926256
Group15.19	3281286	3.1079366591782	0.00188398441649256	0.0329767937893862
Group16.2	685082	-4.90494796799211	9.34521086900605e-07	4.40088753864789e-05
Group16.2	1012858	-4.23336182873708	2.30223650581371e-05	0.00071676296547667
Group16.2	1146685	-3.61542020341681	0.000299860832613678	0.00703104646848138
Group16.4	1355840	6.27235354978001	3.5563090591957e-10	3.52735503853676e-08
Group16.4	1361342	4.56209866653207	5.06448362723078e-06	0.000195060936405507
Group16.4	1441874	8.48361526002825	2.18302761802797e-17	7.64605423214297e-15
Group16.4	1442171	-4.8780415345975	1.0714436634875e-06	4.86183829164693e-05
Group16.4	1442297	-2.9656503834799	0.00302043635599055	0.0488127345731844
Group16.4	1442375	-6.42258482793125	1.33979543330646e-10	1.44388723235565e-08
Group16.4	1442383	-6.20553441897788	5.45113387750952e-10	5.16206468411236e-08
Group16.4	1445022	-5.06731110657185	4.03474558643776e-07	2.10332225733927e-05
Group16.4	1445394	-4.54462425036366	5.50333370579465e-06	0.000206292187874737
Group16.4	1445401	5.77511119579815	7.69022816913035e-09	6.02741799437853e-07
Group16.4	1445551	4.59243478300759	4.38104441359522e-06	0.000171089706576917
Group16.4	1450962	-5.63748044184198	1.72556195634555e-08	1.21651747627601e-06
Group16.4	1451031	-3.09349729640221	0.00197812355416646	0.0339763055336664
Group16.4	1451176	-7.74856936426798	9.29336012598021e-15	1.85999964807118e-12
Group16.4	1451208	-5.59966022615962	2.14772343659782e-08	1.45888995620535e-06
Group16.4	1451274	-5.12383730108876	2.99379340052257e-07	1.60649405546627e-05
Group16.5	85795	-3.43983700272006	0.000582064622479857	0.0122858385852245
Group16.5	160292	-4.13319470992759	3.57755398813159e-05	0.00106077315076664
Group16.5	283367	-4.46579618842596	7.97715250411798e-06	0.000284159727078571
Group16.5	377470	3.25857431212162	0.00111973546047732	0.0216379224845341
Group16.5	377546	3.23245195607122	0.00122732771999797	0.0234742134568896
Group16.5	377658	3.64061498485776	0.000271987605191839	0.00649986584006425
Group16.5	377668	3.28979615706238	0.00100259986316711	0.0197489266544411
Group16.5	377838	3.37100172521	0.000748953887784249	0.0154306528939078
Group16.5	380448	6.24213548477917	4.3163681305261e-10	4.20676991364666e-08
Group16.5	380532	4.55390141259509	5.2660042260419e-06	0.000200072458866026
Group16.5	380643	4.87033460273546	1.11409425010878e-06	4.9947073420877e-05
Group16.5	380670	3.54449338861157	0.000393368370036267	0.00880014509254787
Group16.5	380686	3.8289733745232	0.000128678926057897	0.00333850324827988
Group16.5	380709	4.64360588486864	3.42380395094168e-06	0.000137049981007694
Group16.5	380787	4.07202961713127	4.6605251517386e-05	0.00133593774682062
Group16.5	400970	-4.04343282438037	5.26742527477271e-05	0.00148334930853398
Group16.5	441219	4.10771032033756	3.99600844740541e-05	0.00116029177923627
Group16.5	455610	3.00015016989554	0.00269846530262188	0.0444117461259706
Group16.5	455721	5.3294483321477	9.85115401914666e-08	5.93424571882222e-06
Group16.5	465327	-2.96580269419231	0.00301894100000147	0.0488127345731844
Group16.5	494801	-3.17910572721237	0.00147730195372492	0.0273679343757834
Group16.5	498365	3.14010639794247	0.00168886484516313	0.0304321498144507
Group16.5	498403	3.14010639794248	0.00168886484516309	0.0304321498144507
Group16.5	501259	4.76674693344168	1.87224229980877e-06	7.97874208983143e-05
Group16.5	501614	7.19781952016539	6.11830525459003e-13	9.52416184631182e-11
Group16.5	501667	5.41009674310476	6.29907114072784e-08	3.9441334829764e-06
Group16.5	501920	-3.66759190616689	0.000244845555127549	0.00593988957114625
Group16.5	501998	-4.90156150626068	9.5077871705122e-07	4.45871458607116e-05
Group16.5	502311	-8.36751903882357	5.88440180798094e-17	1.78249663415812e-14
Group16.5	502518	-4.79732453131083	1.60798963272624e-06	7.01258669400609e-05
Group16.5	502529	-4.79065089595991	1.66241147797741e-06	7.19394125296169e-05
Group16.5	502544	-5.61576064428129	1.9569941079038e-08	1.36235962493079e-06
Group16.5	514564	-3.90087899410947	9.58440520187825e-05	0.00256377120531388
Group16.5	514926	4.52358393737445	6.08011908004916e-06	0.000224164390293391
Group16.5	515645	5.31174299378599	1.08581663610466e-07	6.47331534971329e-06
Group16.5	515665	4.67896752702505	2.88323097129537e-06	0.00011751000991374
Group16.5	516667	4.48830074301102	7.17935304112785e-06	0.000258989881020844
Group16.5	543461	4.35808165482839	1.31207434401473e-05	0.000433797322941507
Group16.5	606778	5.86522636327562	4.48520378140744e-09	3.66935503518355e-07
Group16.5	678696	-4.37447923115389	1.21722710673252e-05	0.000406032184888632
Group16.6	147077	3.17107927363772	0.0015187369105954	0.0277884582905481
Group16.6	147103	4.26083804349419	2.03661782365171e-05	0.000642997537112349
Group16.6	147230	7.90580329577282	2.66211263354415e-15	6.08917518301283e-13
Group16.6	147343	7.44729074734386	9.52764956882281e-14	1.64285994411332e-11
Group16.6	147445	6.45267884381814	1.09890078451353e-10	1.19577475658521e-08
GroupUn6	19829	6.61293885642113	3.76764103115909e-11	4.49231071034373e-09
GroupUn9	71579	3.74710574005681	0.000178886690837734	0.00450553265372881
GroupUn9	71662	3.27755178315352	0.00104711521981689	0.0204461104245778
GroupUn9	71796	-5.28419059160463	1.26261748782893e-07	7.44811410715085e-06
GroupUn10	36307	-7.07822109358268	1.46016639938099e-12	2.12539545509898e-10
GroupUn10	36315	-6.3147909591487	2.70526897820948e-10	2.78171144107999e-08
GroupUn10	38540	-3.90167996819486	9.55274004221703e-05	0.00256141412423848
GroupUn10	40329	-2.98471249836729	0.00283844970362611	0.0464428383623963
GroupUn10	40337	-3.85336132466339	0.000116507262141619	0.00307685290795906
GroupUn10	43782	4.07907661429556	4.52149352961403e-05	0.00129940767897216
GroupUn25	48874	-3.8107208392948	0.000138562168190759	0.00355378668439824
GroupUn25	48994	-3.82360487491399	0.000131514613922567	0.00340189209115077
GroupUn41	26601	3.01528185974845	0.00256740545293614	0.0425672785747164
GroupUn41	26783	3.51064550871116	0.000447020081948751	0.00980469878372134
GroupUn54	41589	-3.12374441678523	0.00178565489787022	0.0318345900731933
GroupUn68	55731	3.48764310534171	0.00048729806767621	0.0105233848603371
GroupUn86	116855	3.30676474992797	0.000943801170566226	0.01883224348535
GroupUn93	56730	3.475593024382	0.000509725175924558	0.0109444440072078
GroupUn106	33903	-3.17086907372395	0.00151983627160118	0.0277884582905481
GroupUn107	42219	-3.10741348469993	0.00188732218205091	0.0329767937893862
GroupUn107	42227	-3.10741348469993	0.00188732218205091	0.0329767937893862
GroupUn109	43346	-7.03102728113156	2.05018408009125e-12	2.94595681662343e-10
GroupUn109	43350	-7.94670412502028	1.91539149539234e-15	4.56759742135262e-13
GroupUn109	43416	-6.15709617674917	7.40908582725753e-10	6.80664212720512e-08
GroupUn115	55449	5.25632888251679	1.46959385745932e-07	8.53430463958762e-06
GroupUn128	19802	3.53453396725262	0.000408494928021016	0.00910220905220585
GroupUn131	63997	3.5527534330984	0.000381221606002326	0.00856258869754324
GroupUn135	11556	-7.39487620002173	1.41540081270775e-13	2.36773318042216e-11
GroupUn162	7233	-3.02905716211791	0.00245318261462532	0.0409765584869159
GroupUn162	7242	-3.14832221812673	0.00164210575414828	0.0298293700040419
GroupUn162	28645	6.29399507244895	3.09397650501884e-10	3.12408006020281e-08
GroupUn162	29939	9.04167244649262	1.54292824001329e-19	7.46139661054428e-17
GroupUn162	29979	4.48808988688703	7.18646083132427e-06	0.000258989881020844
GroupUn162	29988	3.96570507151157	7.31793036022093e-05	0.00200536341020431
GroupUn162	38842	-7.65063896044208	1.99983096926194e-14	3.86450094887722e-12
GroupUn162	38864	-3.3485351085843	0.000812399870342358	0.0166251371419562
GroupUn162	38930	3.17157571789678	0.00151614337793712	0.0277884582905481
GroupUn171	5678	-3.58244042615036	0.00034039926071524	0.00781802236495167
GroupUn171	5695	-4.52121093637546	6.14868803491178e-06	0.000225949165558332
GroupUn171	32704	-5.44111107888382	5.29492841841519e-08	3.4639921756048e-06
GroupUn187	20801	4.94782245189994	7.50483151650818e-07	3.59462186483007e-05
GroupUn205	4145	-3.34226915047652	0.000830964430621564	0.0169335442516482
GroupUn299	38497	4.24959669093758	2.14155752725733e-05	0.000672341085868353
GroupUn299	38515	3.76096881306766	0.000169256533957094	0.00427258385718718
GroupUn1679	2030	-3.09328699257871	0.0019795260094115	0.0339763055336664
GroupUn1942	559	-3.3870145458409	0.000706576414802662	0.0146653860316819
GroupUn3989	1346	3.10670201573986	0.00189186995062235	0.0329767937893862
