chr	pos	stat	pvals	fdrs
Group1.1	46872	4.84815924378492	1.24612354755888e-06	3.9012717097877e-05
Group1.1	225857	-2.96703470851264	0.00300687013192808	0.0302251125010313
Group1.1	226023	-19.4804844620617	1.60751236708691e-84	6.00566620343668e-81
Group1.1	226035	-20.1417171423212	3.18113870749864e-90	1.78271013168224e-86
Group1.1	226232	4.43191453975311	9.34000385945084e-06	0.000235771989316948
Group1.1	228022	2.87277900078221	0.00406878632781776	0.0381934314591135
Group1.1	1134340	-3.34761272313573	0.00081510831008797	0.0108500403081544
Group1.1	1134367	-3.56375493689002	0.000365587289370466	0.00567521099621078
Group1.1	1136467	3.13320611790482	0.00172907973081826	0.0197347511435958
Group1.1	1141893	7.74403888642316	9.63075336157804e-15	1.24070670892605e-12
Group1.1	1142000	9.51926390310316	1.74410056493638e-21	5.92359973691118e-19
Group1.1	1142269	-7.23806931666129	4.55116836787279e-13	4.28651219051414e-11
Group1.1	1142272	-7.30284936957882	2.81736539579456e-13	2.79442755363411e-11
Group1.1	1251842	3.34808336012383	0.000813725313538682	0.0108445104805488
Group1.1	1252559	9.12076822645228	7.45936686386466e-20	2.09011459525488e-17
Group1.1	1252572	2.81982421004975	0.00480499642813783	0.0435362974669109
Group1.1	1252617	3.28452686056549	0.00102153760284084	0.0131149982275374
Group1.1	1252771	3.38645758903037	0.000708012191398969	0.00970097877897267
Group1.1	1252918	3.26299324038471	0.00110242149310649	0.013898695269671
Group1.1	1252940	3.26715468481806	0.00108634305477882	0.0137268691747023
Group1.1	1263803	-4.26581562321088	1.99173219037379e-05	0.000450976452317361
Group1.2	762763	-5.81078974526051	6.21788155667219e-09	3.18219253366128e-07
Group1.2	783562	5.66272287762306	1.48989670232251e-08	6.98692980737686e-07
Group1.2	783565	6.32007021538344	2.61444481429884e-10	1.7136080396878e-08
Group1.2	838480	6.14856620102021	7.81864934876801e-10	4.66124584579744e-08
Group1.2	838574	5.12221319097167	3.01970195706869e-07	1.0953016030688e-05
Group1.3	275326	-3.24318549082317	0.00118201230161514	0.0146347857494497
Group1.3	473111	4.66858275540987	3.03284611611653e-06	8.67146409934543e-05
Group1.7	53621	-4.96522425198073	6.8621730534693e-07	2.2423100753144e-05
Group1.7	53733	-3.94605042800247	7.94508874917888e-05	0.00156213330247712
Group1.7	54130	-3.20085865740518	0.00137018726607332	0.0163546952908944
Group1.7	54203	-2.9954210030225	0.00274066281234364	0.0281037043007754
Group1.7	294841	3.30211317378296	0.00095959344026639	0.0124769411583593
Group1.7	294891	5.18686293361271	2.13866015309602e-07	7.88490230128296e-06
Group1.7	295042	5.35279976171129	8.660366799213e-08	3.46662111019926e-06
Group1.7	355394	3.23478783522482	0.00121733151427921	0.0149298746900479
Group1.7	355555	3.65071261413554	0.000261513725136533	0.00429142874279688
Group1.7	355596	2.96812713873553	0.00299620370837331	0.0301449292311024
Group1.7	450718	3.77966465316004	0.000157039718826073	0.0028206749496837
Group1.8	61814	3.68902001477903	0.000225119510854226	0.0037999088518888
Group1.8	70205	3.88176141140469	0.000103702595572643	0.00197334242984411
Group1.8	264117	-2.81832043058485	0.00482756056518854	0.0436701362507128
Group1.8	269030	4.98729351881975	6.12310039325143e-07	2.02441620081304e-05
Group1.8	273993	-4.08720488963887	4.3660151287382e-05	0.00091512406525114
Group1.8	274107	-3.49233300901188	0.000478820887266718	0.00707997955736856
Group1.10	228595	3.46464158443459	0.000530938574707277	0.00766850456871026
Group1.10	229180	-10.0304809424805	1.11969867097413e-23	6.27479135213904e-21
Group1.10	325604	5.61494821813926	1.96621117851455e-08	8.99481424032289e-07
Group1.10	339078	3.10672504029973	0.00189172261827212	0.0212914545951804
Group1.10	339648	4.98823727191567	6.09327045087307e-07	2.02051405956761e-05
Group1.10	339747	2.95468254897462	0.00312990924536686	0.0312377763331004
Group1.10	362942	3.80820877449634	0.000139977071881197	0.00255793992398581
Group1.10	746574	-8.04408043182381	8.68954364846689e-16	1.29856540282689e-13
Group1.10	775812	-5.55449506418783	2.7841538034323e-08	1.233391139481e-06
Group1.10	775945	-4.53225951980334	5.83560931756164e-06	0.000155727402931502
Group1.10	775973	-6.69710572819958	2.12587818570066e-11	1.67794666938965e-09
Group1.10	775986	-8.9672014508765	3.04143520763984e-19	7.74736495618802e-17
Group1.10	776010	-8.79166461192485	1.47360115916524e-18	3.51406846636682e-16
Group1.10	1382508	3.08863794686719	0.00201076319123569	0.0224022205242243
Group1.10	1385467	4.43867900949723	9.05126867788085e-06	0.000229517238329612
Group1.14	98689	-3.9255517277285	8.65311715746633e-05	0.00168375238022366
Group1.14	98704	-3.91947012639917	8.87438597552485e-05	0.0017208324915862
Group1.14	98706	-4.02868449030553	5.60898346775694e-05	0.00114300884921127
Group1.14	99042	-7.60687716098401	2.80797960827429e-14	3.42085167929764e-12
Group1.15	85833	-3.66522788239408	0.000247118443021546	0.00409719454051108
Group1.15	1108141	-3.92229488610873	8.77095521798899e-05	0.0017037238489293
Group1.18	16423	-2.87050905669914	0.00409811457051563	0.0383151562527732
Group1.21	111732	2.85473265577044	0.00430730702534483	0.0398319283333869
Group1.21	112048	7.90314955509498	2.71942976306863e-15	3.85814794740167e-13
Group1.21	112060	3.38529555325835	0.000711016531310308	0.00971838205234869
Group1.21	128289	-2.77776214561703	0.00547346687176643	0.0477405577422243
Group1.21	130121	3.76399505866126	0.00016722018890261	0.00297492678923881
Group1.21	130211	-4.31012038232217	1.63165699365227e-05	0.000381046410675245
Group1.21	130273	3.89214070658468	9.93635866627309e-05	0.00190370440908699
Group1.21	369650	-2.87045259035367	0.00409884656915374	0.0383151562527732
Group1.21	475670	4.25409666769403	2.09894617676887e-05	0.000473339813867715
Group1.21	479573	2.80819795788153	0.00498195919626159	0.0445277501369218
Group1.21	479738	-3.688557752943	0.000225528837629639	0.00380109355210976
Group1.21	479811	6.95320432687556	3.57080909478178e-12	2.98668868166524e-10
Group1.21	479824	6.12835389798053	8.87929114276832e-10	5.21042382869881e-08
Group1.21	479828	4.45818235431025	8.26575711448955e-06	0.000212971507446434
Group1.21	480315	3.25520102315358	0.00113312130895249	0.0141583318068445
Group1.21	523244	-3.43953659843027	0.000582710991464321	0.00825666851116575
Group1.21	567763	4.6360506593517	3.55128966048905e-06	9.95071362869031e-05
Group1.21	577388	-3.68905588681814	0.000225087775810111	0.0037999088518888
Group1.21	608076	-4.00464994858501	6.21093840416632e-05	0.00124977015500711
Group1.21	608204	-3.27025195491974	0.00107451731832524	0.0136389468899085
Group1.21	608217	-2.90313296329417	0.00369449745605873	0.0353971650039282
Group1.21	608231	-2.91069907204904	0.00360621157211594	0.0347834933737311
Group1.21	608328	-4.15310547802463	3.27993459461977e-05	0.000706952056471123
Group1.21	608983	-6.45590902020733	1.07571222765092e-10	7.63074851108321e-09
Group1.22	32415	-3.40633299747829	0.000658418182175191	0.00914442501340712
Group1.22	402824	8.76203658999657	1.91754008172371e-18	4.38607943591007e-16
Group1.22	414087	5.0532397690091	4.34378025656125e-07	1.50262620726971e-05
Group1.22	533263	4.02929789483518	5.59436890189131e-05	0.00114210722499814
Group1.22	640245	-4.20162154860593	2.6500989482736e-05	0.000584691122288397
Group1.22	640258	-5.39656025294408	6.79306062852835e-08	2.76810465760154e-06
Group1.23	11916	5.79392852576837	6.87587300429308e-09	3.4713866951404e-07
Group1.23	27132	-3.45187234030584	0.000556711054575399	0.00799730052649631
Group1.23	27213	-3.58677771554249	0.000334789479566301	0.00530457655854931
Group1.23	40208	3.80353387291101	0.000142646478080865	0.00259387873458707
Group1.23	129976	5.58360781393523	2.35579622263418e-08	1.06039213105558e-06
Group1.23	129987	3.27946010073525	0.0010400591599268	0.013307058292762
Group1.23	130001	3.51737297107022	0.00043584090478542	0.00654812984026137
Group1.23	130006	3.05563626883978	0.00224583522506001	0.0243079049927746
Group1.23	294602	4.94697672543303	7.53749848260451e-07	2.44162667609917e-05
Group1.23	294629	8.27340444064633	1.30187149344042e-16	2.35344769330326e-14
Group1.23	590963	3.42800906779082	0.00060802515038598	0.00853978181143617
Group1.23	591009	2.91247160360871	0.00358580801814558	0.0346164825731056
Group1.27	309944	3.27061858010118	0.00107312541055272	0.0136389468899085
Group1.27	355267	5.23678260098211	1.63399969965634e-07	6.14559350125779e-06
Group1.29	397836	-3.55114887259371	0.000383553396826936	0.00591315883306231
Group1.29	397985	-5.24031944373009	1.60298863318498e-07	6.05962088489588e-06
Group1.29	398029	-4.27153568915894	1.94131450588766e-05	0.000442240914268067
Group1.29	431115	5.58978002899908	2.27357440903445e-08	1.02842737100157e-06
Group1.29	431795	2.81872404965647	0.00482149488657285	0.0436504965175351
Group1.29	440585	3.37928588165643	0.000726743932550875	0.00989713972786173
Group1.29	440821	-3.08451514050713	0.00203884232338146	0.0226027148965969
Group1.29	532776	-3.14894635255392	0.00163860273351636	0.0188557078411205
Group1.29	532788	-3.51014905186841	0.000447855570016718	0.00669275363832983
Group1.29	532797	-3.52233366999712	0.000427765374403682	0.00645275143515002
Group1.29	546698	-3.09272577853963	0.00198327305195335	0.0221399645082601
Group1.29	546944	-3.55144654911349	0.000383119800644194	0.00591315883306231
Group1.29	574375	6.66931221703255	2.57004986620467e-11	2.00035547919597e-09
Group1.29	574454	3.13278320024037	0.00173157290946067	0.0197431019015617
Group1.29	620719	-2.93133168519177	0.00337512206987897	0.0329628298921197
Group1.29	654155	-2.79070599918943	0.00525932207136234	0.0462325347261405
Group1.29	654680	2.84456521076564	0.00444720816460774	0.0410241227233939
Group1.29	654691	3.16827343731931	0.00153347218799629	0.0179594109540882
Group1.29	654694	2.98260514828016	0.00285806454861376	0.0289630989700389
Group1.29	654709	3.05001418648962	0.00228830557008303	0.0245066844393477
Group1.29	1495054	2.98564839699011	0.00282977800280106	0.0288066774345088
Group1.29	1613911	-4.12352333959242	3.73120632966086e-05	0.000795044877240283
Group1.29	1613966	-3.53963928360692	0.000400674275852109	0.00611193436582187
Group1.34	228252	5.56900841395133	2.56193115953781e-08	1.14856497744399e-06
Group1.35	491056	3.88914404210699	0.000100598400232182	0.00192079534889658
Group1.35	491395	-2.93139193426949	0.00337446747917394	0.0329628298921197
Group1.35	535213	-2.93219457163786	0.00336575805194886	0.0329462150622208
Group1.37	159190	5.38016859112022	7.44161148913652e-08	2.98944736810904e-06
Group1.37	159200	5.09658602587382	3.45833446165245e-07	1.23050833797462e-05
Group1.37	160658	3.34663722991109	0.000817981806246732	0.0108624882516746
Group1.37	160938	2.86358805994687	0.00418872364943771	0.0388635882971009
Group1.37	182251	2.89898323394728	0.00374374912805467	0.0356499067351204
Group1.37	182391	-3.11712766424925	0.00182622470078742	0.0207169296016451
Group1.37	1286797	8.2588468727252	1.47086476215206e-16	2.61673845304766e-14
Group1.37	1286840	4.99837918828255	5.78142107603823e-07	1.94934230075787e-05
Group1.37	1906574	4.01373806433395	5.97646661143855e-05	0.00120910176500006
Group1.37	1908548	4.21990027090364	2.44410414203013e-05	0.00054352220682289
Group1.37	1914191	-8.0224354117732	1.0366891267464e-15	1.52259790987014e-13
Group1.40	385728	2.90609774188135	0.00365967112184234	0.0351478954015501
Group1.41	155585	5.44982667483704	5.04189324787105e-08	2.12441877902777e-06
Group1.41	155689	-3.49442927449353	0.000475076464403552	0.00704319710718917
Group1.41	451341	3.06067486047252	0.00220838766193598	0.0239841171656768
Group1.41	511231	-3.73082418174243	0.00019085438509084	0.00331129403730361
Group1.41	1032068	-7.57654039900454	3.54891229081459e-14	4.18696936373157e-12
Group1.41	1032083	-8.17836141579992	2.87729663973313e-16	4.74246187325425e-14
Group1.41	1313933	3.42899232713989	0.000605826654399785	0.00852035712621003
Group1.42	167473	2.89957015929117	0.00373674707288843	0.0356134874089571
Group1.42	213102	3.44954733367435	0.000561527277931249	0.00803780042280132
Group1.42	262107	3.80738755273463	0.000140442563486548	0.0025594800838329
Group1.43	255683	5.68975341821992	1.27222951692706e-08	6.04201204479596e-07
Group1.43	255781	-2.90281431403837	0.00369825840645966	0.0353971650039282
Group2.1	73277	4.76957946567426	1.84610907682611e-06	5.53240388584679e-05
Group2.2	9049	-3.3409165508616	0.000835023167018768	0.0109975789141555
Group2.2	52972	-2.78893633162128	0.00528814598733698	0.0464494829357938
Group2.2	115539	-3.39369826167358	0.000689556241880151	0.00948287896808924
Group2.4	180362	6.58489851840085	4.55196193797965e-11	3.38542287890841e-09
Group2.7	72090	-4.43890344690683	9.04183649972961e-06	0.000229517238329612
Group2.7	219936	3.03197451995917	0.00242959711607483	0.0255929741324875
Group2.7	220021	8.10540937755527	5.25682129966255e-16	8.18311848980804e-14
Group2.7	220081	6.08291340553962	1.18018096111264e-09	6.88930636049503e-08
Group2.7	232828	-3.00835231140195	0.00262668436530878	0.0270836047528802
Group2.7	289926	-2.98494770458788	0.00283626808746159	0.028823946550046
Group2.7	300883	2.90524127528507	0.00366970098085222	0.0352140484532463
Group2.7	300972	3.73764282336557	0.000185753575076083	0.00324093401897134
Group2.7	951014	-3.0827385695004	0.00205105253794274	0.0226931854346122
Group2.7	951186	-3.65794525637463	0.000254245331608726	0.00418440774841497
Group2.11	190351	-3.15156620081833	0.0016239734450905	0.0187656832309524
Group2.11	190561	2.83274415731464	0.0046150306766028	0.0423630334343687
Group2.15	1062635	-5.03426675045635	4.79681338435593e-07	1.64916209852335e-05
Group2.15	1062654	-7.42773732069957	1.10471062870813e-13	1.20209676956901e-11
Group2.15	1063456	3.49095874815805	0.00048129055930062	0.00710712067014671
Group2.15	1063630	2.98457604804932	0.00283971602800225	0.0288292909799359
Group2.15	1064042	-3.59338691935725	0.000326407339696035	0.00519655321493346
Group2.15	1064050	-8.44586391433051	3.01805108713935e-17	5.83212354907894e-15
Group2.15	1064601	7.38958319484443	1.47289786592338e-13	1.56908020440774e-11
Group2.15	1064714	3.89826410974215	9.68847157441581e-05	0.00186899121180813
Group2.15	1065679	3.02121395135337	0.0025176339557664	0.0262734091026348
Group2.15	1065906	6.7741401008179	1.25148354292993e-11	1.00190196779705e-09
Group2.15	1065910	7.50333171187626	6.22158439966868e-14	7.04358767186733e-12
Group2.15	1066324	12.5401928200644	4.49899536519709e-36	5.0424740053129e-33
Group2.15	1066379	9.0834281653322	1.05207791602825e-19	2.87602177630356e-17
Group2.15	1069503	19.3853399653058	1.02624642298186e-83	2.87554247719517e-80
Group2.15	1069599	7.20512148197708	5.79921237735608e-13	5.37170019218239e-11
Group2.15	1069706	23.0466132855225	1.59054987863714e-117	1.78268830397651e-113
Group2.15	1069733	4.03499762330429	5.46028502819244e-05	0.00111676778459819
Group2.15	1071750	4.75974862105943	1.93834223736777e-06	5.74733857048094e-05
Group2.15	1072971	5.33111460058748	9.76117927897339e-08	3.8522287802371e-06
Group2.15	1075817	-3.58218752190244	0.000340729061306864	0.00538630651498918
Group2.15	1075866	3.48040344963081	0.00050065923853471	0.00731602183246027
Group2.15	1075908	3.97952048985671	6.90544086047306e-05	0.00137048115214229
Group2.17	1417423	2.84864573890061	0.00439057391524787	0.0405350514350067
Group2.17	1417448	3.7384964872083	0.000185124079115945	0.00324093401897134
Group2.18	1217964	2.9101021372086	0.00361310660224554	0.0348200333602477
Group2.18	1222481	-7.09929700217818	1.25393077867433e-12	1.09797313807671e-10
Group2.18	1223058	6.14151030292879	8.17405227552531e-10	4.84734274624803e-08
Group2.19	3032	-2.79270586537837	0.00522691961203528	0.0460275611422118
Group2.19	3122	-3.5432131681338	0.000395283047146808	0.00606064622766268
Group2.19	3135	-3.91857832769707	8.90727846340816e-05	0.00172422758234678
Group2.19	20278	4.73663115890008	2.17300127517091e-06	6.37565400317161e-05
Group2.19	20491	3.07801422883482	0.00208384964952081	0.0228978302664993
Group2.19	21158	3.44876226258987	0.000563162287707376	0.008050922092633
Group2.19	25865	4.87422478559157	1.09236552771679e-06	3.47819114620733e-05
Group2.19	41991	4.18490589111634	2.85284266709327e-05	0.000625727213557366
Group2.19	410847	3.48579128883	0.000490683677923166	0.00721730008157854
Group2.19	410927	2.93406718253778	0.00334551786003182	0.0328965730431501
Group2.19	410967	3.44573506760357	0.000569508402907204	0.00811061013949675
Group2.19	521036	4.4398108707178	9.00379688216201e-06	0.000229351262398345
Group2.19	544285	3.08128776561826	0.0020610735079038	0.0227815698980137
Group2.19	544293	4.27994323903054	1.86940984221603e-05	0.000426728014492001
Group2.19	625118	3.2271660149853	0.00125022899385841	0.0152476241166105
Group2.19	625308	3.06980330698379	0.00214199787165183	0.0234677538078922
Group2.19	627092	-2.80588034193767	0.00501793224882869	0.0447725596524947
Group2.19	1022879	3.70959279674986	0.000207592860402829	0.00354825571259285
Group2.19	1023312	4.38031880249283	1.18505801092135e-05	0.000291274784789615
Group2.19	1023392	-4.36474480913202	1.27271246727851e-05	0.000308089877608155
Group2.19	1023404	-3.9794099149534	6.90865320271584e-05	0.00137048115214229
Group2.19	1023781	-3.03511077982755	0.00240447351342581	0.0254479123120647
Group2.19	1024017	3.31972720912545	0.000901054481490342	0.0117704179819857
Group2.19	1225442	5.2069159269931	1.92005031592722e-07	7.12814190978783e-06
Group2.19	1233244	2.87506225625091	0.00403947840521599	0.0380395473056751
Group2.19	1233413	-5.86210700814612	4.57030325155071e-09	2.42767577456779e-07
Group2.19	1234437	3.29868204067043	0.00097139872342027	0.0126012001065907
Group2.19	1234440	4.48169632907637	7.4052064634026e-06	0.000193017567539108
Group2.19	1235264	3.06354622188392	0.0021873041228609	0.0238243970933188
Group2.19	1332920	2.94458206131328	0.00323391175156686	0.0320797247561439
Group2.19	1332980	-3.89511054772912	9.81539532697924e-05	0.00188374915795862
Group2.19	1652477	3.47160835658911	0.000517350496109228	0.00751096419739926
Group3.4	455804	-3.7101516638834	0.000207135121075065	0.00354825571259285
Group3.5	189998	3.05104052324932	0.00228049793869708	0.0244882815835435
Group3.5	190108	3.26630308840261	0.00108961558303799	0.0137527156021282
Group3.5	715175	-2.79504944278443	0.00518917782542534	0.0458677484758416
Group3.7	79733	-2.99491074383412	0.00274525161090413	0.02812502747259
Group3.7	79744	-3.62188913107167	0.000292459466685787	0.00472317824584193
Group3.7	336848	-2.92891750022572	0.00340144689581914	0.0330932437572404
Group3.7	336969	-2.81020547731802	0.00495098799481114	0.0444280812216519
Group3.7	384429	4.65465113921885	3.24529711542668e-06	9.16203780093256e-05
Group3.8	955175	4.78501427084854	1.70975184259113e-06	5.18826252115582e-05
Group3.8	955207	6.1401112324191	8.24637166134772e-10	4.86449124107291e-08
Group3.8	955234	7.20199161574935	5.93393424546145e-13	5.45143729697803e-11
Group3.8	955320	3.99012877498548	6.60374316316335e-05	0.00132405641096127
Group3.8	955325	5.70356663913641	1.17326138924345e-08	5.66806622872437e-07
Group3.8	955358	4.6298658529059	3.65902702240405e-06	0.000101510828878972
Group3.8	955372	8.16729999595298	3.15367976379962e-16	5.12267286850234e-14
Group3.8	955503	4.42982546376355	9.43093840474705e-06	0.000236999905023329
Group3.8	955525	4.26895409099501	1.9639168096687e-05	0.000446482344883708
Group3.8	955558	5.39456515489224	6.86896989809968e-08	2.77932904757766e-06
Group3.8	955581	5.50801770801522	3.62896909808039e-08	1.54652036696901e-06
Group3.8	955634	3.92876018939412	8.53849341869019e-05	0.00166723753025574
Group3.8	994009	3.74354255077638	0.000181443858719746	0.0031925004215556
Group3.8	994140	3.48483288757571	0.000492444490570625	0.00723370622583954
Group3.8	994171	3.44160284305762	0.000578278602880163	0.00820423617858337
Group3.8	994203	3.28959507743942	0.00100331653373753	0.0129106449025606
Group3.8	994362	4.63332567840784	3.59837773460554e-06	0.000100324919526017
Group3.8	1129712	4.08665368198414	4.37639631490552e-05	0.00091512406525114
Group3.8	1129724	5.34673803423702	8.95534836576072e-08	3.57194108482015e-06
Group3.8	1129815	3.07998142934026	0.00207013502225606	0.0228104416896439
Group3.8	1130525	3.69687640905653	0.000218268536128639	0.00369539841832293
Group3.8	1132747	-2.83582017494111	0.00457081741490668	0.0419997326348601
Group3.8	1757294	3.17470291055981	0.00149989981412551	0.0176214644829336
Group3.9	423307	3.39155244223426	0.000694978617663286	0.00954573571908102
Group3.9	936577	3.02126556106632	0.00251720483903408	0.0262734091026348
Group3.9	973851	4.17673900472746	2.95718002463455e-05	0.000644826336889183
Group3.9	1100978	-4.54993500531836	5.36624882193201e-06	0.000144579126913976
Group3.9	1102460	2.80330166061107	0.00505823334387453	0.0450299279731102
Group3.9	1112595	-2.82486901423772	0.0047299947901424	0.0431623114303696
Group3.9	1197396	-3.57894922527128	0.000344978477523194	0.00543814173850908
Group3.12	144805	-3.05068322106208	0.0022832132632765	0.0244882815835435
Group3.12	151281	-4.26584095329515	1.99150620248431e-05	0.000450976452317361
Group3.14	60736	-6.47510992497894	9.47429413946213e-11	6.85083153000591e-09
Group3.14	60953	3.06554595486352	0.00217272985319785	0.0237117392352887
Group3.14	552708	-4.31922699504328	1.56576669048569e-05	0.000367905934317895
Group3.14	552761	4.9673326148169	6.78801047560323e-07	2.22456202954857e-05
Group3.14	553584	-3.0336660233396	0.00241601731856204	0.0255132111414561
Group3.14	553650	3.44307647634988	0.00057513664944248	0.00817000198599659
Group3.14	553692	2.95414756089573	0.00313534049392904	0.0312641425764739
Group3.14	553717	4.64930570944915	3.33054251037404e-06	9.37907549152569e-05
Group3.14	553732	4.79038578473949	1.66460954960624e-06	5.09752563715485e-05
Group3.14	582574	-3.94592722193258	7.94917579844009e-05	0.00156213330247712
Group3.15	143719	-2.93374926313849	0.00334894627428928	0.0328965730431501
Group3.15	327984	3.66113858904234	0.000251096880109183	0.00415087585879605
Group3.15	377260	3.21503562536156	0.00130428334286646	0.0157525945116889
Group3.15	377292	5.24000359891824	1.60573465632948e-07	6.05962088489588e-06
Group3.15	377354	4.57845229314167	4.68428968058257e-06	0.000127430870728081
Group3.15	377419	3.88020684802636	0.000104367668323394	0.00198263190943831
Group3.15	465159	3.21693661639192	0.00129567219770406	0.0156654735618847
Group3.15	474800	3.79308726714366	0.000148785838104588	0.00268966398947777
Group3.15	474819	6.63201840477554	3.31127279669611e-11	2.52467656499115e-09
Group3.15	474884	5.46339801277123	4.67105679748573e-08	1.98307593129622e-06
Group3.15	474986	5.42067235779706	5.93752946233781e-08	2.42875292751395e-06
Group3.15	481556	-4.99803739716994	5.7916754653138e-07	1.94934230075787e-05
Group3.15	482102	-2.87767658781261	0.00400615620261489	0.0378591894763134
Group3.15	482132	-4.70131232786606	2.58494776826376e-06	7.46703468729388e-05
Group3.15	482767	-3.25855817035515	0.00111979916445827	0.0140074877625539
Group3.15	536695	3.03348701530465	0.00241745114414041	0.0255132111414561
Group3.15	536964	6.91877999432427	4.55549685673852e-12	3.7820747237278e-10
Group3.15	537368	8.56079215213243	1.12094632721473e-17	2.24349400632549e-15
Group3.15	541646	-3.84328269523259	0.000121399493509233	0.00227152841945156
Group3.15	545942	-3.96314851155283	7.39677354020824e-05	0.00145956052532842
Group3.15	636890	-4.36061861281636	1.29695253712929e-05	0.000313281121468645
Group3.15	637675	2.9030529769142	0.00369544119152605	0.0353971650039282
Group3.15	766447	2.92536815277146	0.00344048932984098	0.03338615100334
Group3.15	766639	-9.05111572061326	1.41514881254643e-19	3.6971855140845e-17
Group3.15	766773	-4.0964976278782	4.19447784234317e-05	0.00088534289372848
Group3.15	766810	-7.76204281440472	8.35721811436133e-15	1.10197294853837e-12
Group3.15	767324	3.27033552310171	0.00107419990137547	0.0136389468899085
Group3.16	480337	-3.20167235515883	0.00136632309391935	0.0163318162141223
Group3.16	509779	3.18840604536703	0.00143059492360801	0.0170032957622467
Group3.16	515085	-3.48153939454643	0.000498540441835758	0.00729457085129918
Group3.16	547428	3.81994282557363	0.000133482611893421	0.00246876751501891
Group3.16	547440	4.16118744767406	3.16597081458389e-05	0.000683703292675457
Group3.18	199997	2.86594284713363	0.00415769300034835	0.0387097162996482
Group3.18	200099	4.29253182795005	1.76647219058896e-05	0.000407379018767924
Group3.18	200144	3.0518425854855	0.00227441342201004	0.0244876326934568
Group3.18	326408	-3.34217970398863	0.000831232265968482	0.0109605308670291
Group3.18	328220	-3.06664837875274	0.00216473338695197	0.023658470631588
Group3.18	330034	4.1826540602743	2.88125643319729e-05	0.000629495557568717
Group3.19	52275	-3.17185260502394	0.00151469863233054	0.0177580986100007
Group3.19	62693	3.83656225046725	0.000124768580655125	0.00233067708663774
Group4.1	328794	4.78313960539288	1.72578175584729e-06	5.19961341923021e-05
Group4.1	328932	6.31032077044123	2.78457719768021e-10	1.81450821113952e-08
Group4.1	418579	-3.02090251656427	0.0025202248477852	0.0262759814827689
Group4.5	1257033	-5.39594107080403	6.81653181208087e-08	2.76810465760154e-06
Group4.5	1258987	-6.04580792760096	1.48663119273534e-09	8.48786848989023e-08
Group4.6	182675	2.80792556328127	0.00498617506212329	0.0445299203954405
Group4.6	183044	-4.55744519557937	5.17795951976238e-06	0.000140180121491538
Group4.6	183054	-4.51627145564987	6.2937974664118e-06	0.000165588924890947
Group4.6	183118	3.11546300220247	0.00183656386213437	0.0207921290573758
Group4.6	184398	-3.40005106034103	0.000673732707214066	0.0093339878645924
Group4.6	184463	3.02666787854249	0.00247265473483975	0.0259733029691508
Group4.6	189727	6.69088323122224	2.21827620755405e-11	1.73863214924936e-09
Group4.6	191295	3.11081530533233	0.00186571593014315	0.0210703833550119
Group4.6	191316	3.26110528163852	0.0011097882597	0.013938725414715
Group4.6	191450	5.66564295616889	1.46474245173362e-08	6.89782915925647e-07
Group4.6	519476	2.9812952784255	0.0028703188711857	0.0290347778955318
Group4.6	520855	-7.05761974142751	1.69378795477262e-12	1.46030579977627e-10
Group4.6	621892	-5.90077589208496	3.61796070700385e-09	1.95894220309658e-07
Group4.7	211990	3.89706930221521	9.73637644531289e-05	0.00187500527833448
Group4.7	213215	-4.08209514281545	4.46315172097415e-05	0.000931527085450248
Group4.7	301381	2.77776665113681	0.00547339098216571	0.0477405577422243
Group4.7	308468	-6.38509196288013	1.71294497661629e-10	1.17783357655922e-08
Group4.7	308485	-5.6787744541549	1.3566322241488e-08	6.41566834103788e-07
Group4.7	308520	-5.5272673926331	3.25257039152696e-08	1.39673597502813e-06
Group4.7	357470	-3.53955028701366	0.000400809400328254	0.00611193436582187
Group4.7	357611	3.31406663634111	0.000919495911552152	0.0119973343151065
Group4.7	357695	3.15264361538972	0.0016179920972231	0.0187339415554509
Group4.9	1915892	3.27866587664728	0.00104299046432148	0.0133293467777824
Group4.9	1915923	3.03229812476561	0.00242699374705653	0.0255896010508086
Group4.9	2152432	2.81605571211711	0.00486172350920791	0.0438158560895313
Group4.9	2152451	2.88655960952939	0.00389478961350994	0.0369938999900165
Group4.9	2152493	3.75215292201365	0.000175322461744989	0.00309939140573791
Group4.9	2152813	8.47817433009907	2.28755033542236e-17	4.49804634375681e-15
Group4.13	104879	2.90041123222541	0.00372673377270673	0.0355670689929573
Group4.13	405823	4.53630799293744	5.72475600958747e-06	0.000153133807530922
Group4.13	406069	3.13734928714283	0.00170482896693233	0.0194976765932424
Group4.13	498404	-3.57193517706968	0.000354353131277711	0.00552376897824838
Group4.13	498410	-9.5426486279042	1.39230118609816e-21	4.87653490430879e-19
Group4.13	562362	3.26109241231521	0.0011098386312999	0.013938725414715
Group4.13	562624	3.49007496078536	0.000482885077403496	0.00712128414149788
Group4.13	562638	3.38651415948237	0.000707866235073146	0.00970097877897267
Group4.13	1327661	2.99548703073944	0.00274006953252826	0.0281037043007754
Group4.13	1970470	4.5828065282439	4.58776477637144e-06	0.000125158729028499
Group4.13	1970557	3.82573701827882	0.000130381419767327	0.00241539661611935
Group4.13	1970626	2.91533284121467	0.0035530938696103	0.0343302380091312
Group4.13	1980683	-3.00794384950274	0.00263021730361576	0.0270951061938653
Group4.13	1983326	-2.900358680061	0.00372735871153143	0.0355670689929573
Group4.13	2290430	-4.38194865816591	1.17622530678963e-05	0.000289739192054904
Group4.13	2290554	-2.84989313422289	0.00437339206064665	0.0404097099882338
Group4.13	2290580	-3.53209772955571	0.000412276959319913	0.00626124682934632
Group4.13	2290614	-3.09067933953689	0.00199699167524185	0.0222709280558315
Group4.13	2290723	-4.05324315447608	5.05124525043927e-05	0.00104070508762727
Group4.13	2290727	-4.72581736349385	2.29191575327608e-06	6.68952910487456e-05
Group4.13	2290733	-3.64025887058918	0.000272364070212841	0.00443700072521151
Group4.13	2290822	-3.47462429316296	0.000511569303264292	0.00743666504667469
Group4.13	2290856	-5.10892182596773	3.24002363810353e-07	1.1601976017848e-05
Group4.13	2290893	-4.42498757183859	9.6447835606051e-06	0.000241831620016246
Group4.13	2290923	-3.87808452652344	0.000105282140230826	0.00199324700626198
Group4.16	7937	-5.53232994097754	3.16004766448542e-08	1.37278349703692e-06
Group4.16	240799	-2.93732906445149	0.00331052619572117	0.0326910815873506
Group4.16	241019	7.49447998716253	6.65617225225781e-14	7.46023786033056e-12
Group4.16	241031	6.46892165048205	9.87047547407492e-11	7.04638784161985e-09
Group4.16	241201	2.92930723626368	0.00339718451131405	0.0330804900111276
Group4.16	250118	-2.82966518855811	0.00465967385289946	0.0427378269585083
Group4.16	250230	7.31760183961149	2.52441547745482e-13	2.57214987921033e-11
Group4.16	534563	3.32428917096921	0.000886442290475835	0.0115930515655229
Group4.16	628938	-3.7027492270876	0.000213275674048349	0.00362180871929378
Group4.16	629486	2.87908423570429	0.0039883179035282	0.0377542796138041
Group4.16	829208	2.78589536045986	0.00533801001781846	0.0468140972454689
Group4.16	829544	4.45662137334271	8.32614689429732e-06	0.00021403544585157
Group5.2	728094	3.9797343067744	6.89923321377238e-05	0.00137048115214229
Group5.2	728453	4.99294477415595	5.94655654823778e-07	1.97771530541985e-05
Group5.2	730761	3.73629457472185	0.00018675188034254	0.00325017868770061
Group5.2	732753	-2.88480239271951	0.00391659416317552	0.0371695066730493
Group5.2	740321	3.60092172392587	0.000317091040591258	0.00506983792146479
Group5.9	66888	5.54450644917938	2.94784470126654e-08	1.30076548865336e-06
Group5.9	67078	5.95726091096517	2.56500566748609e-09	1.43027778712359e-07
Group5.9	67275	6.1857763069898	6.17975878175658e-10	3.80564485856746e-08
Group5.9	67298	5.43215141213478	5.56786467899708e-08	2.2942877691985e-06
Group5.9	67309	3.67197840529918	0.00024068002386378	0.00401419896944233
Group5.9	1347048	3.87758822144195	0.00010549707775916	0.00199394814085105
Group5.11	265906	-3.73983636733583	0.000184140087335468	0.00322979984171506
Group5.11	266235	4.00474467467639	6.20845018306382e-05	0.00124977015500711
Group5.11	266397	6.38382546364291	1.72717938689374e-10	1.18037966879908e-08
Group5.11	573627	-5.8948806366643	3.7495232235656e-09	2.02041616777516e-07
Group5.14	757966	5.08512282116628	3.67388246816081e-07	1.29081111922089e-05
Group5.14	763071	-3.2357981314169	0.00121303137448546	0.0149075171548607
Group5.14	763637	4.83453666037293	1.33456109848185e-06	4.15493355327348e-05
Group5.14	763720	-5.13295857101201	2.85222707381587e-07	1.04129514799115e-05
Group5.14	765804	10.5704767262598	4.08413204776694e-26	3.26963942795513e-23
Group5.14	768046	5.61918612494001	1.91859084155029e-08	8.8129369475802e-07
Group5.14	768194	-7.85026685528117	4.15152959077768e-15	5.81629295667954e-13
Group5.14	768254	-5.44820780409023	5.08798928218302e-08	2.13402416790028e-06
Group5.14	768463	-7.40411907806058	1.32023917981047e-13	1.42281160839574e-11
Group5.14	768552	-5.22380320424255	1.75285069903087e-07	6.57055205175185e-06
Group5.14	971226	-5.02802325859169	4.95561780366692e-07	1.69854936830272e-05
Group5.14	974407	-2.875908070634	0.0040286702460024	0.0380078586845075
Group5.14	975733	-5.08987169095732	3.58305877721295e-07	1.26684298974772e-05
Group5.14	1118410	3.560046141931	0.000370789636595828	0.00574006940188679
Group5.14	1222041	5.82918805040889	5.56977104176401e-09	2.87677390949728e-07
Group5.14	1225577	-3.21792006848587	0.00129123796149614	0.0156456162945391
Group5.14	1225585	-5.09958027694931	3.40407475686546e-07	1.21505955015758e-05
Group5.14	1226259	-6.06688324830433	1.3041628886269e-09	7.53456580192285e-08
Group5.14	1494014	-4.43060914694776	9.39672708576957e-06	0.00023667082511754
Group5.14	1790950	3.36883083349816	0.000754877438814716	0.0101863988689424
Group5.14	1791005	2.9471065476883	0.00320762659848453	0.0319565145918352
Group5.14	1953566	3.12758483747275	0.0017624894570178	0.0200344643349448
Group5.14	1958167	-3.10187973651319	0.00192296062943771	0.0215310117230148
Group5.14	1958189	-3.43425567368451	0.000594183460735466	0.00838741590418528
Group5.14	2106049	-3.08457033748929	0.00203846402991758	0.0226027148965969
Group5.14	2263120	5.8374981853009	5.29904716580089e-09	2.77531404833161e-07
Group5.14	2263576	-3.6657302470164	0.000246633795500717	0.00409719454051108
Group5.14	2263633	4.01798246287568	5.86985645726722e-05	0.0011896808530389
Group5.14	2284207	3.28798366108373	0.0010090769558014	0.0129698790374106
Group5.14	2284245	11.261507354589	2.03252025283317e-29	1.89837391614618e-26
Group5.14	2284248	10.4125789455616	2.17254997097466e-25	1.62332933831226e-22
Group5.14	2285757	-2.79355176568442	0.00521326843058299	0.0459719217702393
Group5.14	2532646	-3.98595761108393	6.7208510678874e-05	0.00134273259837579
Group5.14	2533003	-2.86757499525264	0.00413630760169916	0.0386009455452492
Group5.14	2533029	-3.61226498559176	0.000303534157864603	0.00488093377524601
Group5.14	2533034	-3.23474485506768	0.00121751476326765	0.0149298746900479
Group5.15	63905	-7.37165040555039	1.68528483125465e-13	1.75352726244812e-11
Group5.15	114503	3.64662286423823	0.000265709458697642	0.00434754980012142
Group5.15	202721	-2.86589478399916	0.00415832427059033	0.0387097162996482
Group5.18	121673	-4.03756016806568	5.40099948729593e-05	0.00110666183279
Group5.18	194856	-6.39202584339647	1.63702221569205e-10	1.13257685144917e-08
Group5.18	195220	-3.86472445498286	0.000111214678201397	0.00209494808954834
Group5.18	321770	3.98246259413077	6.82048620036522e-05	0.00136021368921163
Group5.18	470804	-3.54137075039359	0.000398053825003972	0.00609479135333951
Group5.18	482941	2.86158787738223	0.00421524628777453	0.0390687707193555
Group5.18	483418	4.4900483786558	7.12069988783905e-06	0.000186034508957809
Group5.18	533614	-3.5749641599116	0.000350275876039037	0.0054891478142063
Group5.18	585506	3.52175124127028	0.000428706220317105	0.00645825177058349
Group5.18	585834	-4.22025320205743	2.44028078784667e-05	0.00054352220682289
Group5.18	585927	3.15813368550542	0.00158782724437207	0.0184801326634705
Group5.18	602530	-4.49919134260948	6.82124407937151e-06	0.000179045675975634
Group5.18	626953	-3.29582684466691	0.000981324790579818	0.0127152465350504
Group5.18	648431	-3.36396716858148	0.0007683068242006	0.0103375544845622
Group5.20	411871	-5.27736300255985	1.31056113703648e-07	5.04768701852401e-06
Group5.20	412361	-5.29531433272424	1.18811857657172e-07	4.65609545671884e-06
Group5.20	412413	-2.86511800996553	0.00416853863354006	0.0387725983441635
Group5.20	424435	3.10904891813214	0.00187690640004785	0.0211633470138192
Group5.20	424705	-3.23653315563832	0.00120991170120854	0.0148854998322122
Group5.20	424741	-4.99871109302615	5.77148004860598e-07	1.94934230075787e-05
Group5.20	424867	4.60093493360763	4.20598807754249e-06	0.000116110133923882
Group5.20	425248	5.18018891276838	2.21661301537751e-07	8.14550776273806e-06
Group5.20	425358	3.18150361239112	0.00146512695715896	0.0173036279618942
Group5.20	476411	8.09931046037476	5.52715670904056e-16	8.48607841026391e-14
Group5.20	479301	3.02518643507232	0.00248479908462258	0.0260764308431179
Group5.20	481549	-2.93039925558262	0.00338526742910741	0.0329931107351616
Group5.20	481645	3.49597676899496	0.000472329819487546	0.00701175181035287
Group5.20	674728	-3.01041256427309	0.0026089305089698	0.0269749936757689
Group5.20	675598	-3.65901226098491	0.000253189227896214	0.00417906096417109
Group5.20	675632	2.88412602082268	0.0039250164802284	0.0372179227668358
Group6.1	21842	-4.16265587779648	3.14567258841126e-05	0.000680631242681726
Group6.1	22490	2.93387341643731	0.00334760703568551	0.0328965730431501
Group6.1	173908	-3.21869664964958	0.00128774637681107	0.0156201963109291
Group6.1	175492	4.29606019030101	1.73860394492517e-05	0.00040260894658515
Group6.1	176370	7.32102098862505	2.46091341596679e-13	2.53045115285833e-11
Group6.2	451143	3.2682414650223	0.00108217996126159	0.0137051672382145
Group6.2	451148	4.16995438112277	3.04660617117963e-05	0.000660471217922268
Group6.2	453890	-4.32266837807034	1.54153353370183e-05	0.000362972853901892
Group6.2	490412	3.48640418616267	0.000489560718499829	0.00721024511556646
Group6.2	496825	3.5940498112396	0.00032557755173173	0.00519071578920232
Group6.10	342308	3.79617105535984	0.000146948123418102	0.0026607343574638
Group6.14	367039	3.19384544333355	0.0014039125848691	0.0167038771244298
Group6.15	229026	2.82742564417721	0.00469239112858806	0.0430027144474367
Group6.15	232481	3.8331235717631	0.00012652635406943	0.0023595796612482
Group6.15	232497	3.0878356218993	0.00201619960375956	0.0224404817864321
Group6.15	239260	-3.52812190851017	0.000418519361588512	0.00632178572059845
Group6.16	156124	-7.17462975740226	7.25031281195826e-13	6.60662650377465e-11
Group6.16	720381	-3.92832299607295	8.55402747671273e-05	0.00166736591233037
Group6.20	139766	7.57922424371781	3.47627219840983e-14	4.14489987231674e-12
Group6.20	225789	3.69751103396093	0.000217723758574181	0.00369175171875858
Group6.20	225824	3.49306920431931	0.000477502744386697	0.00706981606220092
Group6.20	230147	2.90921234567405	0.00362340659783221	0.0348892965193328
Group6.20	771718	4.17082391044489	3.03500323027414e-05	0.000659230934203732
Group6.20	771732	5.86569562716317	4.47253591682561e-09	2.38705631218007e-07
Group6.20	771748	5.09346335274614	3.51581035153503e-07	1.24700007658243e-05
Group6.20	829073	-5.52858595373687	3.22822248309987e-08	1.39161221502244e-06
Group6.20	877354	5.06714637154196	4.0382376184454e-07	1.40560767787379e-05
Group6.20	900381	-4.0869974770349	4.36991869626464e-05	0.00091512406525114
Group6.28	42259	-3.57467522469768	0.000350662904619175	0.0054891478142063
Group6.31	220013	-3.11553867517239	0.00183609269531209	0.0207921290573758
Group6.31	220295	-2.93265587634658	0.00336076169685386	0.0329260638971487
Group6.31	220327	-3.22157331955399	0.00127488838126546	0.0154809848073925
Group6.31	220764	3.15020045981416	0.00163158470624241	0.0188222341032457
Group6.31	236660	3.23420383692401	0.00121982361295779	0.0149418394033124
Group6.32	74116	-3.02802515572728	0.00246157595327076	0.0258811850696611
Group6.32	74126	-3.24588058187405	0.00117087943726076	0.0145651684049041
Group6.32	74174	-2.8645798719678	0.00417562834069465	0.0387741859507089
Group6.32	74264	-2.97633303634206	0.00291717879389779	0.029402643814754
Group6.32	74342	-2.99052626133215	0.00278497181131517	0.0284280182706926
Group6.32	122125	-7.04618256468512	1.83892951904382e-12	1.56141833707902e-10
Group6.32	122258	-3.23772767203755	0.00120485760397131	0.0148396088190225
Group6.32	346313	-5.05035141236735	4.40998030410642e-07	1.52083259225922e-05
Group6.32	346628	-2.81798816829549	0.00483255905853728	0.0436800983291015
Group6.32	491731	-2.82441078598223	0.0047367632993714	0.0431623114303696
Group6.36	26494	-4.71587082303914	2.40679106244548e-06	7.00657512412699e-05
Group6.36	26506	-3.48276140736681	0.000496270445395931	0.00727084856470273
Group6.36	26521	-4.38775853623098	1.14524818898871e-05	0.000283354121461047
Group6.36	26666	-3.39710255567006	0.000681034381957358	0.00940028738051486
Group6.36	31944	3.72763798240791	0.000193282744598211	0.00333792450147419
Group6.36	194763	5.62123516665561	1.8959697411066e-08	8.7448678429312e-07
Group6.36	194767	6.35146441476365	2.13274756151824e-10	1.42284730175574e-08
Group6.36	201085	-12.612064835386	1.81183022913841e-36	2.25633257868704e-33
Group6.36	201101	-12.059695294358	1.72419625010437e-33	1.7567992337427e-30
Group6.36	210931	4.47711785522527	7.56574879098479e-06	0.000196744576448625
Group6.36	210998	-2.77181319628215	0.00557450168241601	0.0485462430897581
Group6.36	249625	3.30070525828194	0.000964421398153449	0.0125251854351145
Group6.37	90693	7.56381269131348	3.91423271505662e-14	4.52275466704687e-12
Group6.37	102668	4.76112722317716	1.92514633515272e-06	5.73827411951582e-05
Group6.37	155315	-4.81235728311776	1.49160385269222e-06	4.61820330966145e-05
Group6.37	155464	-5.28924534586854	1.22822050724119e-07	4.76328562116236e-06
Group6.37	307107	-3.93432886586506	8.3429487155334e-05	0.00163189824090224
Group6.37	400579	2.80522481595033	0.00502814956639479	0.0447976950239689
Group6.37	401180	-9.26957411043823	1.86890660273086e-20	5.81852922316875e-18
Group6.37	401246	-3.80903512825041	0.000139510138459336	0.00255793992398581
Group6.37	401321	-5.77910561233367	7.50987756249393e-09	3.74092034313031e-07
Group6.37	401352	-3.04636192480543	0.00231628836736444	0.0247011988786115
Group6.37	401492	-3.06366343818387	0.00218644737162839	0.0238243970933188
Group6.37	1195452	-6.22190114178678	4.91166496358431e-10	3.11016615321203e-08
Group6.37	1195459	-6.0137404174709	1.81290731395662e-09	1.02105855149878e-07
Group6.37	1195488	-4.59496683686483	4.328180984179e-06	0.000118897677624211
Group6.37	1195534	-3.7374019921932	0.000185931528747196	0.00324093401897134
Group6.37	1303622	5.78114997173553	7.41917133894843e-09	3.71223537352384e-07
Group7.2	102471	-4.21576059240925	2.48937744192501e-05	0.000552493908298922
Group7.2	103500	-4.76604644834202	1.8787596557125e-06	5.61523685899353e-05
Group7.2	103577	-4.81836573706542	1.44738873265757e-06	4.49372102925929e-05
Group7.5	391238	-3.05530583862112	0.0022483112452362	0.0243079049927746
Group7.5	392349	6.05343944410705	1.41785387008209e-09	8.1493877825026e-08
Group7.5	757644	2.78265131961181	0.00539167161444955	0.0472477368684524
Group7.5	757733	-6.53130008556884	6.52012104165249e-11	4.80773135755533e-09
Group7.5	758050	-4.25298950996385	2.10935461357878e-05	0.000474731857610261
Group7.5	759936	2.99159796203098	0.00277521481251197	0.0283801164403596
Group7.6	169872	5.9403438603026	2.84424845847765e-09	1.56266356483419e-07
Group7.6	169884	5.79563942781042	6.80613548077064e-09	3.45172698952386e-07
Group7.6	169925	3.24387046800721	0.00117917356957824	0.0146347857494497
Group7.6	170060	3.50483904556209	0.000456883408579246	0.00680046380259786
Group7.6	170625	-10.0994787663005	5.55365815297757e-24	3.4580778099207e-21
Group7.6	171019	-3.10431827242956	0.00190718048965572	0.0214185159599813
Group7.6	171054	-4.32354662979489	1.53540666740623e-05	0.000362972853901892
Group7.6	171090	-3.16331309635002	0.0015598447500621	0.0181922372098813
Group7.6	208494	-2.80566198021468	0.00502133364411009	0.0447725596524947
Group7.6	209010	-9.59419535767499	8.45744130380994e-22	3.05777426235812e-19
Group7.6	209827	-10.2601115001871	1.06583599884121e-24	7.4661811718827e-22
Group7.6	209848	-7.60449867282914	2.86010405475649e-14	3.44688669308718e-12
Group7.6	209870	-2.91590105738759	0.00354662953824451	0.0342973458711342
Group7.6	211679	2.79230627142285	0.00523337950366395	0.0460405945659855
Group7.6	211845	9.76771612618656	1.54904560225816e-22	6.94468124404377e-20
Group7.6	216031	-3.23308238652974	0.00122462240091577	0.0149679038925452
Group7.6	234564	4.53876904097603	5.65835690683112e-06	0.000151719770841539
Group7.6	234581	3.53008050935706	0.000415433229824234	0.00629212924306759
Group7.6	234594	4.32279274421517	1.54066451524237e-05	0.000362972853901892
Group7.6	241246	4.2869700990824	1.81126662428628e-05	0.000415865729569035
Group7.6	246896	3.70948889634381	0.000207678064548618	0.00354825571259285
Group7.6	247139	2.85938372165667	0.00424464998493836	0.0392849191008994
Group7.6	252780	2.92543841722472	0.00343971248723361	0.03338615100334
Group7.6	253437	2.76452619316859	0.00570055302493921	0.0494518562720732
Group7.6	253467	3.38596526898677	0.000709283597980651	0.00970653304782312
Group7.6	253476	2.76818672545621	0.00563691493552404	0.0490136094626481
Group7.6	316468	-2.98658595435798	0.00282111519417029	0.0287707544097003
Group7.7	135006	3.01314025370771	0.00258559391350157	0.026807896931106
Group7.7	159792	5.52989140621563	3.20429085324598e-08	1.38662903023865e-06
Group7.7	244953	3.81537071524488	0.000135978635775274	0.00250665879896262
Group7.7	269603	-3.70583792755998	0.000210693003465709	0.00358882550584144
Group7.9	102351	-4.04144259524242	5.31233862586374e-05	0.00109048885199049
Group7.9	315329	-3.10667119849583	0.0018920671642398	0.0212914545951804
Group7.9	315359	-3.15154665376828	0.00162408214971662	0.0187656832309524
Group7.9	315754	-4.24703895387804	2.16614309283888e-05	0.000485562635690764
Group7.9	320684	-3.24348226723688	0.00118078160495873	0.0146347857494497
Group7.12	270775	-2.78192718997635	0.00540371616687492	0.0473162896861985
Group7.12	274347	-4.30559716037419	1.66535875303292e-05	0.00038805282544684
Group7.12	451334	2.82361670450283	0.00474851347383954	0.0431991388107091
Group7.12	451483	3.04652042885362	0.00231506746910297	0.0247011988786115
Group7.12	453318	4.58272292276454	4.58960007411787e-06	0.000125158729028499
Group7.12	458478	-7.38858796609757	1.4839623631979e-13	1.56908020440774e-11
Group7.17	382034	6.4773607078298	9.33408720072186e-11	6.79327593153835e-09
Group7.17	521550	4.62469468297702	3.75150583486719e-06	0.000103819450363436
Group7.17	521554	4.29056290951518	1.78220788861366e-05	0.000410163983892853
Group7.17	521638	4.37008219162173	1.24199779125202e-05	0.000303274754778924
Group7.17	521709	5.53628748658348	3.08950298268559e-08	1.34915844292804e-06
Group7.17	521823	3.656318677456	0.00025586324479959	0.00420486106702904
Group7.17	602182	-4.11664654040274	3.84424940492842e-05	0.000817577748205649
Group7.19	63598	-2.7973682848938	0.0051520769183334	0.045668465018993
Group7.19	65140	-3.78008984820714	0.000156771775360391	0.00282038211595386
Group7.19	75024	3.44654633821171	0.000567801180470049	0.00810689889262205
Group7.21	31095	-3.36357957536309	0.000769386520121091	0.0103396692056561
Group7.21	31311	7.26090831132368	3.84499524980735e-13	3.65209379320685e-11
Group7.21	1500132	4.46151507607404	8.13822196829924e-06	0.000210654022680596
Group7.22	752742	3.37108790272658	0.000748719634796433	0.0101348425927517
Group7.24	456576	2.99387126529209	0.00275462143878027	0.0281952484802276
Group7.24	675467	-7.15249930156288	8.52119652855642e-13	7.70206215258551e-11
Group7.24	675557	-3.54775775614077	0.000388525382403584	0.00598158308513649
Group7.24	675616	-4.20835549662133	2.57235948707883e-05	0.000569016049934827
Group8.1	266917	-3.11064663810786	0.00186678182294137	0.0210703833550119
Group8.1	266933	-4.02673332038566	5.65571158965951e-05	0.00115043948270243
Group8.1	267030	-2.82319827780106	0.00475471562068271	0.0431996481225819
Group8.1	283468	3.4289675665854	0.000605881926266006	0.00852035712621003
Group8.1	284765	-3.45125582936336	0.00055798438719844	0.00799730052649631
Group8.1	284942	-3.01925291473165	0.0025339889523937	0.0263459630597668
Group8.4	86939	-3.3714903680852	0.000747626529515268	0.0101348425927517
Group8.4	87023	-3.80327978075431	0.000142792931766615	0.00259387873458707
Group8.4	87033	-5.34220313654589	9.18236711600993e-08	3.64950250483118e-06
Group8.5	234968	3.14643124259561	0.0016527611664646	0.0189991252858823
Group8.5	234979	2.82494995738134	0.00472880008570108	0.0431623114303696
Group8.5	268011	-3.01667392998881	0.00255564555492924	0.0265219216478213
Group8.6	373773	-4.67468963346244	2.94398497998574e-06	8.43892165106909e-05
Group8.6	373789	-7.37130211394942	1.68969436424337e-13	1.75352726244812e-11
Group8.6	385377	3.72534847166653	0.000195045589631391	0.00335801992102709
Group8.6	547242	-3.67635961364722	0.000236585954077374	0.00396361042346668
Group8.6	653982	-3.75501080426171	0.000173334000975043	0.00306907975186142
Group8.6	1121936	3.19902101270659	0.00137895117867233	0.0164243196711577
Group8.6	1590423	3.39964867659315	0.000674724863522158	0.00933619292636586
Group8.6	1590454	3.13115511962855	0.00174120163883012	0.0198327113496016
Group8.6	1592966	3.84337994329825	0.000121351376717873	0.00227152841945156
Group8.6	1615712	-5.2819917735019	1.27786937871554e-07	4.93874482642888e-06
Group8.6	1620277	3.08633022460603	0.00202643632206106	0.0225097108995642
Group8.6	1620288	2.97846898574408	0.00289692345792312	0.0292774735044205
Group8.6	1620300	3.08643355249486	0.0020257321697612	0.0225097108995642
Group8.6	1620329	2.9467943406471	0.00321086673926521	0.0319603858025617
Group8.6	1620341	3.38447665232476	0.00071314083716298	0.00973554507055137
Group8.6	1623346	2.93495683143193	0.00333594094591608	0.0328841038890303
Group8.6	1623521	7.57316739341212	3.64232478573188e-14	4.25241418734197e-12
Group8.6	1623758	3.60858097095855	0.000307876425818494	0.00493659367750169
Group8.7	34869	3.21291319877837	0.00131395993672812	0.0158353365277944
Group8.7	34880	3.26004352611769	0.00111395117385507	0.0139499047559414
Group8.7	34968	3.00490699894373	0.00265662065841174	0.027321820233352
Group8.7	927271	4.20821358425589	2.57397517234973e-05	0.000569016049934827
Group8.7	927496	17.7136429089606	3.29068405214308e-70	7.37639737128393e-67
Group8.7	927598	7.27385718245998	3.49365348309907e-13	3.37559208953227e-11
Group8.7	927796	3.52966284431414	0.000416089548699203	0.00629356499570941
Group8.7	927822	2.90024564238574	0.00372870325363355	0.0355670689929573
Group8.7	942712	3.47089198977794	0.000518732607527444	0.00752128727706027
Group8.7	942743	8.86379322911944	7.73371267656198e-19	1.92621003730904e-16
Group8.8	170255	-6.66707109326319	2.60958703510807e-11	2.01712079237871e-09
Group8.8	170445	-3.53827752523083	0.000402746512045607	0.00613312894973799
Group8.8	171331	-3.35873661776904	0.000782996559658969	0.0104973988524614
Group8.8	171416	-4.57020231475828	4.87253596839995e-06	0.000132230951897885
Group8.8	173629	-2.83840378029556	0.00453397869189188	0.0417558201961579
Group8.8	555395	4.0781744297757	4.53907077791703e-05	0.000943857240795809
Group8.8	559623	-3.67692521858536	0.000236062206308908	0.00396361042346668
Group8.8	580459	4.93638772675357	7.95828166860076e-07	2.57050204442874e-05
Group8.8	651434	3.16630052924014	0.00154391193773182	0.018043967672678
Group8.8	651450	3.23949284888848	0.00119742469103297	0.0147805461862307
Group8.8	651623	3.26180836334247	0.00110703954986615	0.013938725414715
Group8.8	676432	6.61686604351187	3.66893674696081e-11	2.77847588242816e-09
Group8.8	695349	-2.87736428678479	0.00401012361582837	0.0378647560962126
Group8.8	723917	3.16632303740224	0.0015437924663601	0.018043967672678
Group8.8	723937	3.74853675991413	0.000177869270487298	0.00313946265137265
Group8.8	726659	-3.42149729366263	0.000622773447854785	0.00870329776004543
Group8.8	726711	-3.54352315950955	0.000394818631715696	0.00606064622766268
Group8.8	726800	-3.02049116294273	0.00252365072391528	0.0262872465740172
Group8.8	727018	3.35183021152657	0.000802792370441393	0.0107243109510216
Group8.8	733092	2.87507602145163	0.00403930229740494	0.0380395473056751
Group8.8	733423	6.07659072590408	1.22764559613175e-09	7.12924965877959e-08
Group8.8	733619	3.22191010697007	0.00127339080080911	0.0154795706024604
Group8.8	754473	5.27089197447646	1.35762359909339e-07	5.21104291049269e-06
Group8.8	764381	3.03348436707184	0.00241747236190456	0.0255132111414561
Group8.8	764438	9.14897296393381	5.74773717215676e-20	1.66165036910662e-17
Group8.8	764657	4.31008874969053	1.63189040974409e-05	0.000381046410675245
Group8.8	780766	2.87400884959935	0.00405297606447312	0.0380993070704108
Group8.8	874173	4.7552482692025	1.98202691079245e-06	5.8613608485915e-05
Group8.8	884004	5.2914376947436	1.21358535215457e-07	4.72286966213487e-06
Group8.8	884023	4.99419412403923	5.90819478340124e-07	1.97668797410033e-05
Group8.8	917344	3.27035745430412	0.00107411661447836	0.0136389468899085
Group8.9	9092	3.32634881252089	0.000879917398032537	0.0115473298078734
Group8.9	9733	3.1844456970249	0.00145031519237856	0.0171830155139312
Group8.9	10065	2.87382314025354	0.00405535986215204	0.0380993070704108
Group8.9	126704	4.66239880296622	3.12544784484579e-06	8.91349095293426e-05
Group8.9	162483	-4.38952554138842	1.13598236188515e-05	0.000281683413982496
Group8.9	162827	2.82611308129406	0.00471166274841488	0.0431088294565175
Group8.9	455223	-4.07166979223484	4.66773188974728e-05	0.000967022902408273
Group8.9	455283	-2.96556515442407	0.00302127341252775	0.0303155169271361
Group8.9	463614	9.70108004539389	2.98323769653559e-22	1.15296993457831e-19
Group8.9	1042008	-2.81063925182532	0.00494431881691455	0.0444280812216519
Group8.9	1042068	-3.32603149098817	0.000880919754590249	0.0115473298078734
Group8.9	1075145	2.87230743680667	0.00407486332822775	0.0382034919283701
Group8.9	1075238	-3.2171612370393	0.00129465818063726	0.0156654735618847
Group8.9	1075280	-5.2924681484227	1.20676492705405e-07	4.71269034927587e-06
Group8.9	1079413	3.72790341417404	0.000193079342544404	0.00333792450147419
Group8.9	1110853	-2.96107875933932	0.00306563533257714	0.0307331313126338
Group8.9	1119703	-3.06186380318432	0.00219963512238095	0.0239128812007055
Group8.9	1358424	3.15715565873586	0.0015931627630865	0.0185229961085824
Group8.9	1484270	4.06690995618714	4.76406402704872e-05	0.00098515921799192
Group8.9	1484371	3.66382606653297	0.000248475548911954	0.00411360997371519
Group8.9	1484793	-4.32600686536921	1.51836691951417e-05	0.000360438633826778
Group8.11	330582	-3.4369473426847	0.000588309966225919	0.00831497869036583
Group8.11	334569	4.84866452239517	1.24295420157511e-06	3.9012717097877e-05
Group8.11	386854	7.75372666948487	8.92342896937992e-15	1.16295106847454e-12
Group8.11	386867	6.21265877811827	5.20954957605284e-10	3.26193472896091e-08
Group8.11	434026	5.08743066246292	3.62947015056085e-07	1.2792170266505e-05
Group8.11	436780	-2.78037727484622	0.00542957780986091	0.0475056269265583
Group8.11	436945	-4.28516201683609	1.82606063034909e-05	0.000417683419284747
Group8.11	437046	4.33534607149644	1.45530982677587e-05	0.000348528045694528
Group8.11	437052	7.2948758595683	2.98934577425184e-13	2.93899889805391e-11
Group8.11	437118	-6.42039495419547	1.35921236190379e-10	9.52128259513603e-09
Group8.11	438800	-2.80921031507046	0.00496631912612632	0.0444944082858703
Group8.11	438842	-7.83396495805704	4.7272058165077e-15	6.46128326724613e-13
Group8.11	438844	-8.21832146683146	2.06371171327762e-16	3.55847398191008e-14
Group8.11	439014	-9.30493270956223	1.34077207286598e-20	4.29353525505196e-18
Group8.11	439031	-10.6206912459386	2.38786286493359e-26	2.05870515309043e-23
Group8.11	439047	-9.76914049357278	1.52742340088541e-22	6.94468124404377e-20
Group8.11	439339	-4.83656116346949	1.3210463620999e-06	4.12431410206564e-05
Group8.11	439357	-3.78631489780143	0.000152897894801869	0.00275511190504717
Group8.11	439366	-3.62614414899002	0.000287684801997384	0.00467300182722707
Group8.11	439450	-8.09348809854556	5.79799628045782e-16	8.78161382586098e-14
Group8.11	440800	4.71157853841323	2.45805330401768e-06	7.12306277316027e-05
Group8.11	440826	3.62389106427343	0.00029020387362658	0.00469673634786051
Group8.11	441199	-2.90183571523453	0.00370983037252716	0.0354776269754987
Group8.11	444038	-3.13582354946935	0.00171372277771603	0.0195794137539666
Group8.12	45234	-2.77947438251816	0.00544469478626803	0.0475636314610226
Group8.12	182090	3.72165389822827	0.000197922180338119	0.00340231870740743
Group8.12	182512	-6.8758343467781	6.1628081535001e-12	5.04180684557877e-10
Group8.14	37607	4.136851348021	3.52104048926372e-05	0.000756011911947658
Group8.14	37619	3.59843349266788	0.0003201396930895	0.00511129014265971
Group8.14	99327	-6.01494127191331	1.79951927037882e-09	1.01863696880837e-07
Group8.14	99387	-6.38039235357719	1.76634850384312e-10	1.19983236551961e-08
Group8.14	99394	-5.72923543234339	1.00884298122035e-08	4.95925970768318e-07
Group8.21	490962	2.94139154304227	0.00326741240311574	0.032379450233529
Group8.21	565329	3.34718773021196	0.000816359052249339	0.0108537986448524
Group8.21	566228	3.86346620204705	0.000111789366595329	0.00210224030335646
Group8.21	566666	2.81982996337386	0.00480491028336195	0.0435362974669109
Group8.21	566672	3.2839434227958	0.00102365470098103	0.013127141748965
Group8.21	566857	4.7805221790206	1.74840467785831e-06	5.25365137518391e-05
Group8.21	567536	3.67255129009036	0.000240140932978375	0.00401117671657471
Group8.21	567780	3.05520796821838	0.00224904509970622	0.0243079049927746
Group8.21	567840	-3.8144192688531	0.000136503550532266	0.00251220327482043
Group8.21	604990	3.98642735632241	6.70756515604786e-05	0.00134247125480329
Group8.21	605254	-2.92490197082285	0.00344564747555154	0.0334072810605377
Group8.21	648805	-4.43385297355542	9.25637628915767e-06	0.000234188409591149
Group8.21	649089	-4.52729058827443	5.97447582565514e-06	0.000158302423295373
Group8.21	649884	-3.0189363938648	0.00253663781829028	0.0263490608594971
Group8.21	763899	7.06650147929873	1.58888479797626e-12	1.38048223377658e-10
Group8.21	874498	-3.46633408719242	0.000527607248032228	0.00763022198186478
Group8.21	875219	-5.858700050428	4.66504413061533e-09	2.45473308056041e-07
Group8.21	875645	5.83587420179954	5.3509258158988e-09	2.78945007184157e-07
Group8.21	875663	2.87196701462326	0.00407925543548042	0.0382034919283701
Group9.8	541294	-2.93095480084843	0.00337921944557866	0.0329628298921197
Group9.10	278148	3.88961884308651	0.000100401791468727	0.00192031276242576
Group9.10	278240	-2.94533525162462	0.0032260490047127	0.0320797247561439
Group9.10	278526	-3.04775912984886	0.00230554649386423	0.0246335225006962
Group9.10	278539	-3.02343938509638	0.00249919089485269	0.026177079709141
Group9.10	704855	-3.23387789065397	0.00122121657310748	0.0149425713443108
Group9.10	810936	5.6549274271048	1.55912136414015e-08	7.25088475073975e-07
Group9.10	810953	3.49669904710651	0.000471052926506609	0.00700207055740859
Group9.10	811044	-3.75891892781209	0.000170649118063703	0.00302632170135757
Group9.10	811063	-4.06601836107455	4.78231696573757e-05	0.000987112496353347
Group9.10	812731	-4.18319415238166	2.87441709010144e-05	0.000629227866130018
Group9.10	812893	-3.26058794578283	0.00111181482162341	0.013938725414715
Group9.10	812918	-3.11367014886905	0.00184775935199981	0.020897766717673
Group9.10	1030045	5.07064117409593	3.96477683501119e-07	1.38433703323381e-05
Group9.10	1030100	4.30467653458673	1.67229895903492e-05	0.000388861550474343
Group9.10	1689402	-4.37332054496629	1.22370841107504e-05	0.000299461219898013
Group9.10	1691119	6.21975293324421	4.97938327143822e-10	3.13533301720672e-08
Group9.10	1691136	10.0541867249271	8.80453896988318e-24	5.1937511986553e-21
Group9.10	1713529	3.10289592764954	0.00191637018607141	0.0215001772227111
Group9.10	1721524	-3.76900172887211	0.000163901752564982	0.00292984185446303
Group9.10	1741665	-6.47179370975022	9.68462847514578e-11	6.95803307368166e-09
Group9.10	1741669	-3.57926919471126	0.000344556404601481	0.00543814173850908
Group9.10	1741705	6.51295577668039	7.36862099086673e-11	5.3978760827212e-09
Group9.10	1746075	-3.50783237810177	0.000451773607838894	0.00673334919768394
Group9.10	1746096	-8.65692453376118	4.84663348221621e-18	1.04463592439768e-15
Group9.10	1755864	7.14494909967509	9.00292437326522e-13	8.07238211004452e-11
Group9.10	1783035	-3.67728859339164	0.000235726296995844	0.00396361042346668
Group9.10	1783743	4.08049470883753	4.49399523469822e-05	0.000936221163392149
Group9.10	1783840	-3.57716875118192	0.000347335954795433	0.0054599458363916
Group9.10	1783847	-3.511390710223	0.000445768711268878	0.00667046156996207
Group9.10	1798923	2.98490998283086	0.00283661786622954	0.028823946550046
Group9.10	1799509	-3.22478534699419	0.00126067153249623	0.0153415923303124
Group9.10	1911185	3.7311472769934	0.000190609746030652	0.00331129403730361
Group9.10	1911286	2.79447908427854	0.00519834033595243	0.0459125283572536
Group9.10	1911406	-5.95139894138649	2.65860160988565e-09	1.47512905166329e-07
Group9.10	1911442	-8.80081137245216	1.35830490825029e-18	3.3095394373194e-16
Group9.10	1911589	-4.5178927008555	6.24581188497669e-06	0.000165101555676459
Group9.10	2514302	3.06650968188062	0.00216573794325565	0.023658470631588
Group9.10	2514333	3.20156900990429	0.00136681331270938	0.0163318162141223
Group9.12	55558	-5.78178115358811	7.39138229790519e-09	3.71223537352384e-07
Group9.12	516313	3.03540271295753	0.0024021470676441	0.0254473197865359
Group9.12	578338	3.150066133231	0.00163233507747634	0.0188222341032457
Group9.12	578655	-2.83797395878417	0.00454008865481411	0.041777761611787
Group9.12	578675	3.21458627450136	0.00130632652408164	0.0157602881398354
Group9.12	583093	3.42937759941297	0.000604967232869398	0.00852035712621003
Group9.12	718145	-3.66795302816796	0.000244500086300722	0.00407185284882391
Group9.12	718257	-4.38336380722397	1.16860716354303e-05	0.000288496675968948
Group9.12	865844	6.58460322343335	4.56101761880058e-11	3.38542287890841e-09
Group9.12	866922	-3.70886968217811	0.000208186536385697	0.00355152922345646
Group9.12	914646	-3.42063877510009	0.000624742523132372	0.00871994296297338
Group9.12	1066808	4.65856494817756	3.1842134659017e-06	9.05803668168179e-05
Group9.12	1089630	3.02126301129448	0.00251722603792493	0.0262734091026348
Group9.12	1089666	3.03108914570967	0.00243673293289073	0.0256440401050134
Group9.12	1089675	3.037214319692	0.00238775619016783	0.0253667975160199
Group9.12	1089991	-4.63227306198615	3.61672689911538e-06	0.000100586290534206
Group9.12	1090083	-3.58654701595892	0.000335085671257398	0.00530457655854931
Group9.12	1262707	-3.57384796522269	0.000351773231444103	0.00549642892502039
Group9.12	1271017	3.97785489721116	6.95397846985355e-05	0.00137703517120351
Group9.12	1271446	3.27998528442995	0.00103812501295966	0.0132974915945736
Group9.12	1271472	3.57593699034724	0.000348975705419325	0.00547803880439747
Group9.12	1271484	2.87828219715355	0.00399847281002466	0.0378184668816509
Group9.12	1271554	3.45155227071549	0.00055737178339303	0.00799730052649631
Group9.12	1305757	-4.04637154963016	5.20176469857801e-05	0.00106975006865435
Group9.12	1397900	2.77627925045158	0.0054984959663725	0.0479215729324285
Group9.12	1398812	3.15574296594289	0.0016008986969297	0.0185796300045485
Group9.12	1454409	2.78011797045226	0.0054339154171597	0.0475064929762293
Group10.17	190953	3.17719642303448	0.00148706282875793	0.0175023777719034
Group10.17	193791	3.02425096740102	0.00249249580198299	0.026132734283092
Group10.21	232932	3.25244667364965	0.00114416062888574	0.0142644631018369
Group10.21	246616	-3.61673051134465	0.00029834763284015	0.00481133851636317
Group10.21	246954	3.87835672377334	0.000105164433835578	0.00199324700626198
Group10.23	527147	3.23901293828735	0.00119944132329495	0.0147891511017489
Group10.24	58300	-3.05307198003312	0.00226511598725711	0.0244344754429044
Group10.24	91310	6.16976839466267	6.83900947003225e-10	4.09901701284072e-08
Group10.24	91760	-3.14358334706991	0.00166892880783115	0.0191457053000732
Group10.24	97677	3.34963966680435	0.00080916749672097	0.0107966063133912
Group10.24	97732	3.51211520869534	0.000444555241147232	0.00666977182644982
Group10.24	373241	3.64111090353386	0.000271464158855055	0.00442877771826413
Group10.24	373263	3.59244126996588	0.000327594501148244	0.00520805555868017
Group10.25	33843	-4.08855854623944	4.34062002559664e-05	0.00091275176823428
Group10.25	33877	-8.38432092363696	5.10194255572086e-17	9.69196138381684e-15
Group10.25	34030	-13.1255774145699	2.34984807077654e-39	4.38951619621057e-36
Group10.25	34050	-7.45083325677113	9.27525302453851e-14	1.01918662646105e-11
Group10.25	34081	-3.67484440097862	0.000237994412613259	0.00398125578592449
Group10.25	34254	-6.66154188760582	2.70969543865014e-11	2.08015523810896e-09
Group10.25	54823	5.6902134063733	1.26880698875878e-08	6.04201204479596e-07
Group10.25	54905	4.00568817696096	6.18371816038636e-05	0.00124877681336235
Group10.25	55065	3.00485204753085	0.00265710064724783	0.027321820233352
Group10.25	55074	3.34407210042712	0.000825582783013497	0.0109175657572535
Group10.25	62938	3.27337654215536	0.00106270803640627	0.0135615456567271
Group10.25	82021	3.00928268485007	0.00261865340884676	0.0270256605951699
Group10.25	82932	-4.52908414415426	5.92399055708725e-06	0.000157336697070696
Group10.25	82949	-5.20891942774156	1.8994356775381e-07	7.09629169128234e-06
Group10.25	82953	-6.18830118026554	6.08160493175272e-10	3.76589105387207e-08
Group10.25	82960	-3.80793899830504	0.000140129828098438	0.00255793992398581
Group10.26	215519	3.1626903849372	0.00156318485417107	0.0182122410036895
Group10.26	321478	-3.46077744373729	0.000538617898554272	0.00776940721621143
Group10.26	321487	-4.86320918695147	1.15497670263092e-06	3.65605102727892e-05
Group10.26	935620	-3.42571624301345	0.000613180613930354	0.00857993548181199
Group10.26	935844	6.24501819625965	4.23750781067152e-10	2.71394214525751e-08
Group10.26	1466967	-2.93342905977246	0.00335240255236186	0.0329016880970856
Group10.26	1467085	5.51012488666502	3.585791946289e-08	1.53395252419874e-06
Group10.26	1467099	6.3397461342002	2.30144067161333e-10	1.52630455902025e-08
Group10.26	1467899	3.0792229089557	0.00207541332060772	0.022827509810963
Group10.26	1485252	2.88917434874842	0.00386254849726181	0.036718781643181
Group10.26	1486114	-3.8837672645444	0.000102850361187209	0.00196045382344599
Group10.26	1489792	3.04988341268332	0.00228930215988553	0.0245066844393477
Group10.26	1582640	2.79883651768032	0.00512870966744876	0.0455680359192028
Group10.26	1583029	-3.77536601725609	0.000159772885333373	0.0028627776195587
Group10.26	1583116	-2.99073626014022	0.00278305747144495	0.0284280182706926
Group10.26	1583181	-5.60713502877435	2.05703177810606e-08	9.37203746707836e-07
Group10.26	1621020	6.30528727021529	2.87659852394032e-10	1.86363677782215e-08
Group10.26	1621635	-3.01986848455867	0.00252884468095823	0.0263168906074094
Group10.26	1623169	4.22408928738421	2.39908929214021e-05	0.000536446064717321
Group10.26	1623184	5.71755799768228	1.08065796632271e-08	5.28908929543446e-07
Group10.26	1626147	6.78675834589545	1.14681056732368e-11	9.24708837306748e-10
Group10.26	1645584	-3.36939535377397	0.000753332902775423	0.0101849881475355
Group10.26	1645708	-4.32862255070577	1.5004483242278e-05	0.000357049359192041
Group10.26	1686970	3.26737557731191	0.00108549569162341	0.0137268691747023
Group10.26	1687045	8.37688711566672	5.43459259780683e-17	1.01518189727032e-14
Group10.26	1741559	6.708750640875	1.96297775742104e-11	1.56035848972873e-09
Group10.26	1773632	3.56024239550639	0.000370512625402891	0.00574006940188679
Group10.26	1941886	-4.95927038493322	7.07584265388698e-07	2.30540826932457e-05
Group10.26	1941992	-5.44470159318939	5.18923046516397e-08	2.14615848906117e-06
Group10.26	2273688	3.77517618622445	0.000159894610085987	0.0028627776195587
Group10.26	2348310	-3.00932982351062	0.00261824710740802	0.0270256605951699
Group10.26	2361515	4.40446523647833	1.06045143893468e-05	0.000264123105057332
Group10.27	377733	3.33362226286703	0.000857229875532114	0.0112767986443239
Group11.1	520515	-3.25434274550707	0.00113655064467928	0.0141853670663312
Group11.1	536761	4.94778500136311	7.50627518755324e-07	2.43856035658251e-05
Group11.1	542107	-2.80952781788727	0.00496142312835199	0.0444861043380552
Group11.1	582479	-3.18038931297695	0.00147077314205923	0.0173520267117893
Group11.3	121395	3.39884782051661	0.000676703574977966	0.00935202671806787
Group11.3	121411	7.10621952226744	1.1926466492361e-12	1.05253414524711e-10
Group11.3	125328	2.82459323639844	0.00473406726674289	0.0431623114303696
Group11.3	126294	-4.80179057905146	1.5725310618007e-06	4.84201322545666e-05
Group11.3	394625	-3.94564920097322	7.95840574334792e-05	0.00156213330247712
Group11.3	394627	-4.55093238404263	5.34087109492111e-06	0.00014424212826958
Group11.3	394779	-3.79809781983482	0.000145810782293262	0.0026444130225613
Group11.3	394795	-3.05080101517536	0.00228231775766002	0.0244882815835435
Group11.6	14770	-2.98350107831036	0.0028497103161545	0.0289045730529047
Group11.6	240028	3.60963302825897	0.000306630491886928	0.00492365981814999
Group11.6	1164802	-7.81039192179989	5.70104278591173e-15	7.60681994577366e-13
Group11.6	1164837	-4.74978359353938	2.03634444006399e-06	5.99038017958983e-05
Group11.6	1164884	-5.0638875468562	4.10792022801409e-07	1.42543560110161e-05
Group11.6	1164891	-3.34463480008089	0.000823909805815065	0.0109153440940606
Group11.6	1173193	-5.25591619677223	1.47289353096754e-07	5.61503084866808e-06
Group11.6	1173230	-7.67604596606133	1.64074272668093e-14	2.06622971692583e-12
Group11.6	1173393	-4.39432604613812	1.11116938809709e-05	0.000276141607578542
Group11.6	1173564	-8.71505170212567	2.90625999172036e-18	6.51467239744036e-16
Group11.6	1292088	-7.31602176636275	2.55430249072115e-13	2.57915516360384e-11
Group11.6	1405923	-2.80055233640661	0.00510152343511671	0.0453792656038
Group11.6	1406948	3.20484160051523	0.00135136827369882	0.0162338002268128
Group11.16	738417	-4.72599061773202	2.28996221976588e-06	6.68952910487456e-05
Group11.16	739180	-3.15553895563382	0.00160201871436609	0.0185796300045485
Group11.16	739654	2.93841564477076	0.00329894418889127	0.0326342157714858
Group11.16	740467	-2.76744183878835	0.00564981255727932	0.0490496507683862
Group11.16	1361137	-5.53605372578884	3.09362705061123e-08	1.34915844292804e-06
Group11.18	380167	4.53040225708834	5.8871486858073e-06	0.000156729602067763
Group11.18	454661	4.33143463383881	1.48140928261266e-05	0.000353268834883462
Group11.18	1255209	-6.18072519387786	6.3807804840247e-10	3.88722076575662e-08
Group11.18	1260275	-6.35416802630266	2.09557677720989e-10	1.40642062987835e-08
Group11.18	1260478	5.94941966679874	2.69094873229717e-09	1.48572184195009e-07
Group11.18	1757199	6.39879576884385	1.56607145258857e-10	1.09021918264675e-08
Group11.18	1759720	-9.48875124901786	2.33818396605507e-21	7.70775467398389e-19
Group11.18	1759740	-8.23824469271398	1.74755498837969e-16	3.06040567339993e-14
Group11.18	1761089	-5.92737803242502	3.07809813776393e-09	1.68289385014918e-07
Group11.18	1765042	3.4118597880538	0.000645212917112251	0.00898328742235293
Group11.18	1765188	-3.89565991780445	9.79317209427127e-05	0.00188270793880947
Group11.18	1771100	2.98600011188226	0.00282652539742013	0.028799724231168
Group11.18	2384536	2.77001298829936	0.00560540573570727	0.0487774747560614
Group11.18	2571672	8.13015844926444	4.2872965608161e-16	6.76789012022914e-14
Group11.18	2571692	8.56330000054039	1.09682050211032e-17	2.23512076139135e-15
Group11.18	2646456	-2.79722212758055	0.00515440830201875	0.045668465018993
Group11.18	2646544	-3.37477198294915	0.000738768739875079	0.0100486893647086
Group11.18	2796318	5.44569627105275	5.16031263060523e-08	2.14210310977124e-06
Group11.18	2848889	3.24179067371412	0.00118781233409651	0.0146780602431684
Group11.18	2851348	3.01147344502225	0.0025998314147297	0.0269107110005075
Group11.18	2871904	2.80874741630223	0.00497346500609154	0.0445172811046981
Group11.18	2872020	2.95858154911216	0.00309058456037	0.0309279212077027
Group11.18	2872027	3.62371362939121	0.000290403130716215	0.00469673634786051
Group11.18	2872048	3.79221291032093	0.000149310815686854	0.00269480776524679
Group11.18	2872050	4.17391256141681	2.99412708272563e-05	0.000651615074625026
Group11.18	2872140	3.51844953754599	0.000434076362255812	0.00653037297740019
Group11.18	2872180	3.03666361257845	0.00239212247599565	0.0253891180974993
Group11.18	2872182	2.95505314224233	0.00312615197830875	0.0312314582077275
Group11.18	3036426	-5.07899380796365	3.7943907596935e-07	1.32898536358265e-05
Group11.18	3036507	3.18637214858631	0.00144069148012429	0.0170870583166488
Group11.18	3308265	8.1944487080736	2.51744290567479e-16	4.2112686696721e-14
Group11.18	3310967	-5.80376698752442	6.48413714325107e-09	3.30337314097991e-07
Group11.18	3406779	2.93416748003132	0.00334443692428447	0.0328965730431501
Group11.18	3533984	5.12028472151134	3.05074700889262e-07	1.10299266050543e-05
Group11.18	3537206	-5.02343883897801	5.07543925960617e-07	1.73431473236786e-05
Group11.18	3537305	-4.98044944085728	6.34367745240344e-07	2.09117461430993e-05
Group11.18	3537323	-7.55770756498151	4.10235065686233e-14	4.69174960837888e-12
Group11.18	3537327	-9.9909739229971	1.66933440310394e-23	8.90947618570905e-21
Group11.18	3537341	-9.68909713006656	3.35481151891198e-22	1.25335758346552e-19
Group11.18	3537350	-3.35894071901537	0.000782418497432971	0.0104973988524614
Group11.18	3537414	-2.94505743363718	0.00322894718803909	0.0320797247561439
Group11.18	3538590	-3.94101304948415	8.11382114812332e-05	0.00158985502496794
Group11.18	3656772	3.14186880537563	0.00167873238395561	0.0192384790995649
Group11.18	3665804	-9.18054279918318	4.28923832860028e-20	1.29929143748519e-17
Group11.18	3666094	5.83379285384339	5.41813803345945e-09	2.8114116240284e-07
Group11.18	3666107	3.66548633300493	0.000246868995835747	0.00409719454051108
Group11.18	3672329	3.80819258359821	0.000139986235278193	0.00255793992398581
Group11.18	3760246	-3.06185566735712	0.00219969490702422	0.0239128812007055
Group11.18	3760452	-2.82387136409789	0.00474474235695801	0.0431991388107091
Group11.18	4059029	4.5162827524194	6.29346188769041e-06	0.000165588924890947
Group11.18	4729492	-5.26792990999032	1.37970762927835e-07	5.27773484947159e-06
Group11.18	4730852	4.49354983388526	7.00456201344227e-06	0.000183427876277245
Group11.18	4730971	-4.42003737375494	9.86838327424185e-06	0.000246885802985943
Group11.18	4731511	3.32571644158982	0.000881915981043868	0.0115473298078734
Group11.20	23502	4.8662988211657	1.13707554886245e-06	3.61029539706809e-05
Group11.20	24221	-5.69737912976258	1.21663176936621e-08	5.8273542184002e-07
Group11.20	24420	-4.41179786404729	1.0251579872636e-05	0.000255901352366378
Group11.20	27788	3.04037962353193	0.00236280122274507	0.0251254991504048
Group11.20	28814	3.09865593335759	0.00194400638909051	0.0217449337414436
Group11.20	28999	3.10478926972985	0.00190414633142958	0.0214058897519185
Group11.20	29172	4.75193651337029	2.01477639704829e-06	5.94252996266243e-05
Group11.20	29732	3.70305414673585	0.000213019393735464	0.00362180871929378
Group11.20	29740	2.93769507791818	0.0033066206784719	0.0326813091396058
Group11.20	47117	-5.01642829934144	5.26409087589692e-07	1.79331095857303e-05
Group11.20	48654	2.94454444749679	0.00323430486924006	0.0320797247561439
Group11.20	52771	3.3719628712725	0.00074634509131978	0.0101348425927517
Group11.20	52788	3.29145232333571	0.000996715099614051	0.0128777029863554
Group11.20	58787	-5.24151608470758	1.59262591248553e-07	6.05089872106369e-06
Group11.20	58868	8.02133280699594	1.04603889239829e-15	1.52259790987014e-13
Group11.20	58904	4.36488993943113	1.27186779330209e-05	0.000308089877608155
Group11.20	66611	-4.8914660444858	1.00087662198509e-06	3.21427655564726e-05
Group11.20	66683	3.08403682005762	0.00204212319941971	0.0226167162244033
Group11.20	68225	3.62491106975681	0.000289060902745847	0.00468855947608604
Group11.20	68480	3.64383164608988	0.000268609152532213	0.00438858801979743
Group11.20	90071	-4.32560714728788	1.52112307102129e-05	0.000360438633826778
Group11.20	130671	-3.34594489126834	0.000820026917363789	0.0108767593962288
Group11.20	460291	-4.25132960431434	2.12505156296229e-05	0.000477306170695017
Group11.20	555586	4.36855161238002	1.25073260862844e-05	0.000304743719076252
Group11.20	566520	7.2667139368653	3.68337670523733e-13	3.52848599250428e-11
Group11.20	566534	4.36763092207519	1.25601507197872e-05	0.000305366961534435
Group11.20	583081	3.29128459595718	0.000997309617430094	0.0128777029863554
Group11.20	583126	3.5461723428187	0.000390870486407963	0.00600943266345741
Group11.20	584849	-3.7415449455845	0.000182892459765137	0.00321294465367972
Group11.20	584916	5.30721535694571	1.11312636751611e-07	4.37751590425281e-06
Group11.20	585027	4.19762285642736	2.69731336224035e-05	0.000592774277725291
Group11.20	586037	-5.38345455294816	7.30697028722509e-08	2.94591809277765e-06
Group11.20	646882	-2.81595710074218	0.00486321600422706	0.0438158560895313
Group11.20	646903	-3.40397084714382	0.000664138411780809	0.00921245460301895
Group11.20	719057	-4.10312204546095	4.07612088449706e-05	0.000863613664904406
Group11.20	719462	3.56780002385074	0.00035999107456244	0.0055960887152508
Group11.20	720013	-5.62139415521285	1.89422539961012e-08	8.7448678429312e-07
Group11.20	721079	-6.29018452936359	3.17088817455363e-10	2.04248934829868e-08
Group11.20	909439	-4.13048205230579	3.62003357547965e-05	0.000772825453599541
Group11.20	916551	-3.03600944036132	0.0023973185829816	0.0254201955326942
Group11.20	916715	-3.34392331254856	0.000826025674710116	0.0109175657572535
Group11.20	923460	5.71607873348059	1.09010245129711e-08	5.31211664092956e-07
Group11.20	938678	-2.97794139783644	0.0029019146319472	0.0292909424983498
Group11.20	955816	5.70217171830699	1.18290572883824e-08	5.69013193511547e-07
Group11.20	961383	4.44329868305399	8.85900477332522e-06	0.000226177051251547
Group12.5	165890	-3.17198321121207	0.00151401759377345	0.0177580986100007
Group12.5	165922	-3.82744333599437	0.00012948117892112	0.00240269048567535
Group12.5	166979	2.84251018810673	0.00447598005041819	0.0412555792804993
Group12.8	332415	-7.11085115787844	1.15329465061139e-12	1.02588305111527e-10
Group12.8	332594	-3.12992202601236	0.00174852709004832	0.0198959305840219
Group12.8	615040	2.93547034205606	0.00333042446550684	0.0328586244801062
Group12.10	121295	-9.71598197755034	2.57752425940694e-22	1.03174613926546e-19
Group12.13	2727986	-2.76780631146936	0.00564349843489463	0.0490328143087589
Group12.16	6828	4.02111866267226	5.79224160751507e-05	0.00117607688291719
Group12.16	6846	4.37557913872556	1.21110490989336e-05	0.000297025466741461
Group12.16	385142	2.81036766769891	0.00494849340532517	0.0444280812216519
Group12.16	385349	-4.29648032117196	1.73531365341152e-05	0.00040260894658515
Group12.16	385494	4.13534277083028	3.54425211229699e-05	0.000759540682115193
Group12.16	385502	3.260592921193	0.00111179531514276	0.013938725414715
Group12.16	385618	4.54250396165352	5.55899515295199e-06	0.000149412992024666
Group12.16	385625	4.26069134309357	2.03795520485913e-05	0.000460512135807684
Group12.16	385630	5.12386781967064	2.99330861454562e-07	1.0892533425918e-05
Group12.16	385639	4.09773205661657	4.17217824989587e-05	0.000882297619336469
Group12.16	385650	7.4905582686373	6.85812702982969e-14	7.61048393567636e-12
Group12.16	541053	3.20734672799278	0.00133965425762185	0.0161276529746785
Group12.17	129089	2.80853055426233	0.00497681595504878	0.0445172811046981
Group12.17	1494020	-4.99332022547507	5.93500300805318e-07	1.97771530541985e-05
Group12.17	2282994	-4.78466163638902	1.7127561856064e-06	5.18826252115582e-05
Group12.17	2693699	7.05184957972796	1.76555008894537e-12	1.51055613716792e-10
Group12.17	2693750	-5.44702904136603	5.1218103244573e-08	2.13402416790028e-06
Group12.17	2820515	-3.67642413339844	0.000236526154013919	0.00396361042346668
Group12.17	2853061	-5.11465095866117	3.14321630337199e-07	1.12914001051901e-05
Group13.3	243257	3.18384430929862	0.00145333157693136	0.0172005705535868
Group13.3	689614	-4.20059405386279	2.66215546133737e-05	0.000586197218284269
Group13.4	107256	-2.78705483712243	0.00531894774155064	0.0466834504990599
Group13.4	107335	-2.93105652394634	0.00337811309597607	0.0329628298921197
Group13.5	151804	-3.231609721319	0.00123095055197434	0.015028860333909
Group13.5	152243	-3.40970079138397	0.000650341854538068	0.00904346340652937
Group13.5	644252	8.60343989882826	7.73617717239336e-18	1.63598252355066e-15
Group13.5	644273	7.21626354496334	5.34354515745526e-13	4.99087117706322e-11
Group13.5	644523	6.4388310598403	1.20397115285269e-10	8.48686080576914e-09
Group13.5	644527	6.96188894198289	3.35740143379949e-12	2.82930490752065e-10
Group13.7	150038	-5.99810362451	1.99635118743043e-09	1.11875520543601e-07
Group13.7	150047	-7.28768546796606	3.15325061182586e-13	3.07318546585602e-11
Group13.9	230333	-3.46042450667446	0.000539324434569134	0.00776959930931986
Group13.10	1108947	4.88764156776918	1.02051109024683e-06	3.26796808556757e-05
Group13.10	1109039	-3.0441900472047	0.00233307704458536	0.0248565850909817
Group13.12	322298	-3.36869301878698	0.000755254948259382	0.0101863988689424
Group13.12	322305	-3.13741273970105	0.00170446001121552	0.0194976765932424
Group13.12	322452	-3.42585496806852	0.000612867535297999	0.00857993548181199
Group13.12	322518	-4.3338057012592	1.46553532692335e-05	0.000350228570237887
Group13.12	780094	-3.3944831011348	0.000687582833224818	0.00946735675034859
Group13.12	1318207	2.86477004167536	0.004173121698152	0.0387741859507089
Group14.9	104992	-3.26862362902731	0.00108071952836249	0.0137021543822248
Group14.9	1624289	4.69066397451782	2.72319886464859e-06	7.82605458332856e-05
Group14.14	116840	-3.01141729534294	0.00260031227815397	0.0269107110005075
Group14.14	116850	-2.96577655777319	0.00301919755410801	0.0303155169271361
Group14.14	116937	-3.76752221530399	0.000164875872689972	0.00294158607264422
Group14.14	800019	3.43848496561118	0.0005849790197738	0.00827833946164741
Group14.14	800108	4.65484526699341	3.24224101383032e-06	9.16203780093256e-05
Group14.14	800203	6.17286757273167	6.70623811307163e-10	4.04104928877994e-08
Group14.14	800587	-5.5896248827266	2.27560660250168e-08	1.02842737100157e-06
Group14.14	800754	-3.29028599017685	0.00100085602528633	0.0129014482132279
Group14.14	944183	-5.5666066303383	2.59747859211983e-08	1.15986215380395e-06
Group14.14	944185	-5.87800178823493	4.15248434650642e-09	2.22684423711215e-07
Group14.14	948403	2.95894199346631	0.00308697202202794	0.0309193766066927
Group14.14	954748	2.93847602820262	0.00329830163755078	0.0326342157714858
Group14.14	954769	-3.20180621123766	0.0013656883879199	0.0163318162141223
Group14.14	957237	-2.98143619710792	0.00286899822542943	0.0290347778955318
Group14.14	984827	2.95501981883648	0.00312648965998129	0.0312314582077275
Group14.14	985740	4.59842392624703	4.2569910076078e-06	0.000117229373988374
Group14.14	992738	-4.34710190404068	1.37948137906265e-05	0.000331785993487858
Group14.14	992754	-3.44444798510262	0.000572226725221835	0.0081389811374192
Group14.14	992782	-3.83057208724512	0.000127845670962453	0.00237627575480459
Group14.14	992893	-10.1688016020668	2.73249772516814e-24	1.80151967668732e-21
Group14.14	992916	-9.72677482000809	2.31826756333407e-22	9.66657090942091e-20
Group14.14	992920	-9.14833130130574	5.7819739824374e-20	1.66165036910662e-17
Group14.14	992932	-9.88423678197147	4.87280687427422e-23	2.48247361122116e-20
Group14.14	992971	-8.1431911467816	3.8499374745041e-16	6.16429988774885e-14
Group14.14	993119	-3.81577395242162	0.000135756743322492	0.00250665879896262
Group14.14	993156	-2.87190284307377	0.00408008385423439	0.0382034919283701
Group14.14	993195	-2.82570954109235	0.00471760208499707	0.0431279642484887
Group14.14	1009109	-5.85919821122144	4.65107290369975e-09	2.45473308056041e-07
Group14.14	1010284	-3.87210879086441	0.000107897770102044	0.00203588923788503
Group14.14	1123882	3.2036084552463	0.00135716911833313	0.0162686112067142
Group14.15	226116	3.14606474336264	0.00165483368988593	0.0190034590125425
Group14.15	226561	-4.76060180824373	1.93016536675363e-06	5.73827411951582e-05
Group14.15	226652	-3.24934264759955	0.00115672053536482	0.0144050264004099
Group14.15	226841	-3.07528687457988	0.00210300168963669	0.0230630557117886
Group14.15	227284	8.58359381164928	9.19542505979009e-18	1.90856155685421e-15
Group14.15	227301	9.79042547661002	1.23773936232513e-22	6.03155772736523e-20
Group14.15	227318	9.72631920795365	2.3286707222909e-22	9.66657090942091e-20
Group14.15	228362	3.04791584726399	0.00230434448253974	0.0246335225006962
Group14.15	228805	-3.17697437992088	0.0014882018216117	0.0175023777719034
Group14.15	230861	-2.83575813303406	0.00457170537245978	0.0419997326348601
Group14.15	294103	-2.81181818059753	0.00492623410230691	0.0443479773643822
Group14.15	610793	3.07647398335154	0.00209464581397292	0.0229939180049054
Group14.15	611068	-3.37116459127583	0.000748511232517183	0.0101348425927517
Group14.15	611093	-3.1787797127039	0.00147896443655245	0.0174303190377286
Group14.15	616736	3.55222711314905	0.000381985004205567	0.00590522472708413
Group14.15	684980	-6.04523867554603	1.49188980416522e-09	8.48786848989023e-08
Group14.15	685036	3.54069467407486	0.000399075106798606	0.00610209249249492
Group14.15	685117	2.93265683193033	0.0033607513540147	0.0329260638971487
Group14.15	685315	2.97777578909109	0.002903482968921	0.0292909424983498
Group14.15	685512	3.27314487848005	0.00106357946397779	0.0135615456567271
Group14.15	685750	3.06023487155107	0.00221163477485675	0.0239961302580779
Group14.15	699912	3.29281664106396	0.00099189138433562	0.0128373194406855
Group14.15	1383679	5.19100257588918	2.09164731947636e-07	7.73702414412245e-06
Group14.15	1386735	3.46701631887439	0.000526269938626628	0.00762071508026777
Group14.15	1387086	-12.970975013594	1.78742095103152e-38	2.86191628845161e-35
Group14.15	1387392	3.00093919885758	0.00269148300747073	0.0276499922527332
Group14.15	1395232	7.6127960469117	2.6822888370822e-14	3.30363662483706e-12
Group14.15	1395236	4.64262822959824	3.44005006694696e-06	9.66317823316832e-05
Group14.15	1395274	2.86139515551869	0.0042178098296235	0.0390687707193555
Group15.5	92998	4.22374943871663	2.40271167459043e-05	0.000536446064717321
Group15.9	244961	7.83750199569533	4.59597647151183e-15	6.359469665766e-13
Group15.13	421713	-3.05869329222117	0.00222304616451895	0.0240966164525419
Group15.13	422749	3.65864972681733	0.000253547595970409	0.00417906096417109
Group15.13	422791	3.12422402235154	0.00178274669866886	0.0202441995933947
Group15.13	452241	-2.82627062933765	0.00470934578164506	0.0431088294565175
Group15.14	1299342	-3.57359839159606	0.000352108847980428	0.00549642892502039
Group15.14	1299351	-3.29011884853635	0.00100145074460281	0.0129014482132279
Group15.14	1299425	-3.24518486110566	0.00117374400052857	0.0145846150309581
Group15.14	1299456	-4.80991960597921	1.50991012437374e-06	4.66200349145478e-05
Group15.14	1299471	-4.78929123807367	1.67371418885979e-06	5.10715172207559e-05
Group15.14	1299483	-5.92120395563829	3.19593205033551e-09	1.73883526311459e-07
Group15.14	1299593	-5.11942830981214	3.06463237707393e-07	1.10445015055449e-05
Group15.14	1299614	-3.57747762186525	0.000346925910139136	0.0054599458363916
Group15.14	1299636	-3.20597897467666	0.00134603823174855	0.0161871207096971
Group15.14	1299651	-4.29519095206527	1.74543034251978e-05	0.000403356356267252
Group15.14	1299669	-4.78891361996794	1.67686637555658e-06	5.10715172207559e-05
Group15.14	1299780	-5.71058797874024	1.12586516528046e-08	5.46263929543868e-07
Group15.14	1299794	-5.00121415125662	5.69703876102273e-07	1.93492152828917e-05
Group15.14	1299842	-4.86269015011676	1.15801045207353e-06	3.65605102727892e-05
Group15.14	1299908	-6.35579787119462	2.07347529556188e-10	1.39997054895528e-08
Group15.14	1300823	-2.79549553501561	0.00518202176015085	0.045840647109527
Group15.19	166767	9.05086193779383	1.4184419798861e-19	3.6971855140845e-17
Group15.19	170546	3.71269538920685	0.000205063638143048	0.00351968339403872
Group15.19	172609	8.7691335835775	1.80046332439539e-18	4.20408186246323e-16
Group15.19	172626	7.82948794449247	4.89860959258075e-15	6.61489353176446e-13
Group15.19	276538	-6.19987512493	5.6507977866004e-10	3.51856342178985e-08
Group15.19	731566	2.9196566660072	0.00350417210711202	0.0339160284771257
Group15.19	753399	3.73809362073771	0.000185420904557563	0.00324093401897134
Group15.19	898074	-6.87775611434353	6.08026461161273e-12	5.01085336521731e-10
Group15.19	1372478	4.63516737664909	3.56648782127143e-06	9.96837793037661e-05
Group15.19	1372486	3.22665013993686	0.00125248502122355	0.0152585349107321
Group15.19	1680382	-3.74391373981019	0.000181175875264063	0.0031925004215556
Group15.19	1691287	-4.79456405110745	1.63028970724294e-06	5.00610603802162e-05
Group15.19	1691475	-4.93086953980784	8.1864394745468e-07	2.6365980928368e-05
Group15.19	1691643	4.69288554728842	2.69378212985279e-06	7.76141648107715e-05
Group15.19	1909853	-6.84679959133826	7.55203963547482e-12	6.13356958220303e-10
Group15.19	1909882	-2.96895271237336	0.0029881657695288	0.0300910709298103
Group15.19	1909894	-2.82283323073862	0.00476013253313603	0.0431996481225819
Group15.19	2299226	3.56929248919	0.000357946615646507	0.00557203565023062
Group15.19	2311304	3.53706200199916	0.000404604669878436	0.00615306531885686
Group15.19	2325355	4.1343574542669	3.5594909873414e-05	0.000761350667674092
Group15.19	2361441	3.05316619912485	0.00226440488326904	0.0244344754429044
Group15.19	2361476	3.39651832853753	0.00068248986530074	0.00940879017255928
Group15.19	3281286	3.47474056967021	0.000511347625243814	0.00743666504667469
Group15.19	3301068	-3.96726821282939	7.27011605185817e-05	0.00143709807247313
Group15.19	3488642	-7.96632093609524	1.63468070326927e-15	2.34891042592846e-13
Group15.19	3488839	-3.76720769107781	0.000165083658073984	0.00294158607264422
Group15.19	3527865	4.28658554929918	1.81440347750944e-05	0.000415865729569035
Group15.19	3741020	3.4588640642382	0.000542458606938852	0.00780471895580315
Group15.19	3741066	2.87484873721531	0.00404221099581184	0.0380395473056751
Group15.19	3741068	3.38244213436809	0.000718444119350545	0.00979601178793298
Group15.19	3741083	3.44587820521058	0.000569206839981795	0.00811061013949675
Group16.2	198776	8.32867644193891	8.17511605309465e-17	1.50207706103418e-14
Group16.2	537248	4.35193372239047	1.34942058482743e-05	0.000325253890639695
Group16.2	684915	-3.72802354791279	0.000192987349433953	0.00333792450147419
Group16.2	685101	2.79409310572677	0.00520454916986027	0.04593117094157
Group16.2	696658	3.47949722544727	0.00050235557103914	0.00733125161485245
Group16.2	696667	3.09334655179209	0.00197912873367043	0.0221157276639863
Group16.2	696820	4.10585603388124	4.0282031626367e-05	0.000855077671341518
Group16.2	696828	5.74857186360169	9.00003923516961e-09	4.46338228972482e-07
Group16.2	696851	3.0803581396069	0.00206751819630205	0.0228078188426707
Group16.2	951434	-4.65543372382493	3.23299395132294e-06	9.16203780093256e-05
Group16.2	951440	-4.87576768467887	1.08386106978957e-06	3.4609444074648e-05
Group16.2	951450	-5.82014492190035	5.87966247714683e-09	3.02290169925971e-07
Group16.2	1146685	3.61562363182664	0.00029962543437153	0.00482500268453464
Group16.4	1359463	5.20685499542256	1.92068063593498e-07	7.12814190978783e-06
Group16.4	1441984	6.33046303789375	2.44426568164547e-10	1.61148998587544e-08
Group16.4	1442171	3.33250271763657	0.000860686298503272	0.0113089941777546
Group16.4	1442297	3.07973818447117	0.00207182634190377	0.0228104416896439
Group16.4	1442375	3.34312982788627	0.000828391337334432	0.0109359365239627
Group16.4	1442383	2.88083210193308	0.00396626859870909	0.0375772937061129
Group16.4	1443008	3.85993752655191	0.000113416017248492	0.00212925748965007
Group16.4	1444976	5.73025913132984	1.00277326805695e-08	4.95113779223891e-07
Group16.4	1445394	3.04302129245185	0.00234215760152944	0.0249296319068775
Group16.4	1445401	3.05115468175174	0.00227963101280609	0.0244882815835435
Group16.4	1445512	4.4599998922283	8.19596941461645e-06	0.000211659965896362
Group16.5	283367	2.90698324374137	0.0036493274529609	0.0350786124294904
Group16.5	283394	-3.0523193954428	0.00227080335065135	0.0244722730327888
Group16.5	398246	2.90719779073235	0.00364682530434156	0.0350786124294904
Group16.5	419648	2.81041198188785	0.00494781202313944	0.0444280812216519
Group16.5	419660	2.86675221112694	0.00414707571346046	0.038669238432999
Group16.5	456175	-3.5911155678837	0.000329265582419864	0.00522720771637653
Group16.5	501259	5.42403448717046	5.82686320686535e-08	2.39221548800538e-06
Group16.5	502868	3.30895134728887	0.000936461088001668	0.0121903087971228
Group16.5	516667	2.81719716801072	0.00484447757187903	0.0437525420029172
Group16.5	543177	3.41810678503332	0.000630583612173626	0.00879052378761443
Group16.5	543461	4.46250680711489	8.10063543526912e-06	0.000210166486015038
Group16.5	678741	4.15036443240238	3.31946329847036e-05	0.000714098745667097
Group16.6	147230	3.08047742465684	0.00206669021292217	0.0228078188426707
Group16.8	88557	-3.60192970278326	0.00031586378795348	0.00505743047911801
Group16.8	89164	-6.60710031783719	3.91920478588628e-11	2.94808370739688e-09
GroupUn2	168212	3.18349107982302	0.00145510596678321	0.0172034047212091
GroupUn3	421695	-2.81692292070812	0.00484861603828512	0.0437546606739932
GroupUn6	19829	-2.79870012914968	0.00513087627855406	0.0455680359192028
GroupUn9	71796	3.83187770522989	0.000127168953022179	0.00236762396257904
GroupUn10	42245	4.44611270989107	8.74380848537123e-06	0.00022374567466676
GroupUn10	43111	-3.51177329737637	0.000445127527318386	0.00666977182644982
GroupUn10	43270	-5.45011524477522	5.03371907153965e-08	2.12441877902777e-06
GroupUn12	77826	4.99628986815315	5.84437928656849e-07	1.96119170789999e-05
GroupUn12	77830	4.3137942020677	1.60476340052154e-05	0.000376280087720616
GroupUn27	31020	-3.81011386148074	0.00013890280477787	0.00255216825565634
GroupUn41	26783	-7.7270322589296	1.10082757863867e-14	1.40205403424798e-12
GroupUn54	33488	-3.20414091697514	0.00135466155053425	0.016255938606411
GroupUn54	33844	-3.06808783269526	0.00215433287595374	0.0235798465563374
GroupUn54	35417	-4.71145734692231	2.45951578623574e-06	7.12306277316027e-05
GroupUn54	35561	-3.72541261847501	0.000194995993731605	0.00335801992102709
GroupUn54	41589	3.64921418998466	0.000263043717356992	0.00431022512300756
GroupUn64	47602	8.19969150218213	2.41004707383391e-16	4.09269812174703e-14
GroupUn64	51193	3.6271126290538	0.00028660829634958	0.00466227254787532
GroupUn64	51208	4.45490829702579	8.39290609642926e-06	0.000215257875351897
GroupUn64	107733	3.35662419304607	0.000789002766629989	0.0105526766209892
GroupUn102	29123	3.53156068074117	0.0004131150650732	0.00626548531710476
GroupUn106	12140	4.59056413359727	4.42049599545753e-06	0.000121136721557672
GroupUn106	34298	2.92777464334409	0.003413973943794	0.0331863139306532
GroupUn106	38091	2.79843981620401	0.00513501379727366	0.0455686735073976
GroupUn106	38105	4.08871585319796	4.3376779926512e-05	0.00091275176823428
GroupUn107	41536	-3.42598888873381	0.000612565440466672	0.00857993548181199
GroupUn107	42006	3.18729676493302	0.00143609343639283	0.017050566986325
GroupUn107	42031	2.79664308362941	0.00516365411802853	0.0457142459359114
GroupUn107	42435	12.9164758500463	3.63408598575715e-38	5.09135446604577e-35
GroupUn107	42481	7.31134100491849	2.64489358098889e-13	2.6467827906896e-11
GroupUn120	22542	3.75900535652923	0.00017059018597558	0.00302632170135757
GroupUn120	22550	4.00388997249505	6.23093530311396e-05	0.00125154700496956
GroupUn120	37575	-7.64760092705634	2.04763521707346e-14	2.54998839032882e-12
GroupUn131	45713	3.16538610491896	0.00154877282855297	0.0180819227733559
GroupUn131	45785	3.20019132940039	0.00137336386272551	0.0163751725249229
GroupUn131	72780	2.92069865522177	0.00349247458452507	0.0338320269173353
GroupUn135	10786	3.36420999787827	0.000767631105633915	0.0103375544845622
GroupUn135	10943	8.70916155670416	3.06130699520754e-18	6.72767231417374e-16
GroupUn135	11556	-3.90532532771353	9.40987069909801e-05	0.0018183763930257
GroupUn146	34571	-5.33671603083793	9.46450911947768e-08	3.74834693325462e-06
GroupUn162	13322	2.86975208432544	0.00410793741588207	0.0383681354643385
GroupUn162	38864	-3.02317245184826	0.00250139653537563	0.026177079709141
GroupUn162	38873	-3.50948688809983	0.000448972194938324	0.00670050647252828
GroupUn165	40738	5.44703776536223	5.12155921715297e-08	2.13402416790028e-06
GroupUn171	4071	-3.10255297678694	0.00191859204978786	0.0215035796940224
GroupUn171	5483	3.30941273499352	0.000934919050581144	0.0121843868824575
GroupUn187	20801	5.5628702161736	2.65373254629206e-08	1.18027914201751e-06
GroupUn188	11165	6.22210835260149	4.9051807565573e-10	3.11016615321203e-08
GroupUn188	21845	5.53634867792	3.08842431054809e-08	1.34915844292804e-06
GroupUn188	39792	-4.97790547315209	6.4276031278261e-07	2.11262685796701e-05
GroupUn267	14600	-5.16362617038214	2.42211188173817e-07	8.87157842173901e-06
GroupUn299	38497	-3.14938892863408	0.00163612289687374	0.0188465215089013
GroupUn299	38515	-3.47684827126766	0.000507344839261549	0.00739443557664946
GroupUn993	482	4.07375519257097	4.62611091426918e-05	0.000960175020872759
GroupUn993	514	3.24294640367011	0.00118300462963967	0.0146347857494497
GroupUn993	568	6.17954789174856	6.42854310621916e-10	3.89465465591915e-08
GroupUn993	597	5.65599660054906	1.54944533658873e-08	7.23590972186936e-07
GroupUn993	610	4.33619387791851	1.44971086567131e-05	0.000347930607761115
GroupUn1679	2041	-3.48298182752239	0.000495862022919475	0.00727084856470273
GroupUn1679	2105	-6.18070516554383	6.38159012222715e-10	3.88722076575662e-08
GroupUn2002	4951	2.82305000203276	0.00475691520311389	0.0431996481225819
GroupUn2002	5267	2.89842748875973	0.00375039019244283	0.0356828296068754
GroupUn2002	10055	3.35686409505439	0.000788318512852924	0.0105526766209892
GroupUn2002	11009	-4.85866535610399	1.18179685471393e-06	3.72066829989711e-05
GroupUn3989	910	-4.78357902370727	1.72201146262635e-06	5.19961341923021e-05
GroupUn4652	756	2.79265191629533	0.00522779133958205	0.0460275611422118
GroupUn4652	810	-3.15535905310128	0.00160300697844383	0.0185796300045485
