chr	pos	stat	pvals	fdrs
Group1.1	1134854	-3.61646381560506	0.000298655043619665	0.00959119120025561
Group1.1	1136313	3.77024754569496	0.0001630857018498	0.00583982283173341
Group1.1	1141893	-3.56269210400727	0.00036707111171357	0.011065899162661
Group1.1	1142052	-3.88637750095807	0.000101751235520854	0.00397361619413843
Group1.1	1251842	3.19906475414868	0.0013787419720836	0.0291047481076306
Group1.1	1252572	3.19924968589011	0.00137785780392251	0.0291047481076306
Group1.1	1252771	3.19686919590958	0.00138927910756445	0.0291047481076306
Group1.1	1252918	3.11465548853009	0.00184159865214542	0.0352831413559758
Group1.1	1252940	3.09987063078303	0.00193605184759535	0.0364693598451238
Group1.1	1263998	3.96377663244655	7.37732846278628e-05	0.00301770428506966
Group1.2	752891	-2.99736905086746	0.00272320824461902	0.0461053142079909
Group1.2	753072	-6.71782670469378	1.84454869920545e-11	4.05366702366562e-09
Group1.2	753137	-3.07685311313421	0.00209198360030029	0.0381872185540157
Group1.2	753280	-3.38275866635176	0.000717616630588601	0.018447355953296
Group1.2	762763	-6.59721625389631	4.18949459924107e-11	8.6955287904248e-09
Group1.2	783565	-2.97307173253538	0.00294835537860324	0.0483116477827269
Group1.2	838480	-3.97308587493068	7.09474561292018e-05	0.00292345253050034
Group1.2	838507	3.44795985161067	0.000564837990858643	0.0154407419549846
Group1.2	838574	-4.01574576239287	5.92581104334224e-05	0.00251577614294621
Group1.3	281558	2.9750411762777	0.00292949222572933	0.0480728387495964
Group1.7	451106	-4.64405469822782	3.41637049167908e-06	0.000211550720832813
Group1.7	677021	-3.26726827309698	0.00108590724370616	0.0244548418570438
Group1.8	274010	-3.26709009592937	0.00108659093904424	0.0244548418570438
Group1.10	118927	-4.55964653186174	5.12397930530836e-06	0.00029602866007163
Group1.10	775986	3.05974526356627	0.0022152532190913	0.0395989762034693
Group1.10	786700	-3.10911318338546	0.00187649818645912	0.0358292873489504
Group1.14	336446	3.08581645941419	0.00202994083216765	0.0376681735876407
Group1.14	445336	2.98080230953602	0.00287494318889944	0.0475958098392688
Group1.18	17704	-4.14057723519084	3.46432936209622e-05	0.00157199204414471
Group1.18	52169	-3.69055881116554	0.00022376194571209	0.00753130296558889
Group1.18	161662	2.97144045322577	0.00296406347406018	0.0484981363755714
Group1.21	369650	-6.54252421870019	6.04890358582188e-11	1.16889847223951e-08
Group1.21	479573	-3.90892180684001	9.2708962826084e-05	0.00368468813955585
Group1.21	523244	-3.3226111171309	0.000891791449556015	0.0215879018717577
Group1.21	577388	3.24572041586719	0.00117153833234512	0.0258986225422567
Group1.21	600125	3.86372028640185	0.000111673092080467	0.00428641101382834
Group1.21	600151	-4.57702471954052	4.71635747394185e-06	0.000276758819727436
Group1.21	600180	-6.62130512294278	3.56041182284329e-11	7.67405686738993e-09
Group1.21	600248	-5.43641902465535	5.43620272710303e-08	5.03545125333643e-06
Group1.21	600332	4.58400294241371	4.56157812461223e-06	0.000269085092740284
Group1.22	11971	3.76096730123556	0.000169257557065844	0.00602234507807614
Group1.22	413980	-4.05619978440307	4.98776005598189e-05	0.00215840983426429
Group1.22	529556	6.60920371246196	3.8639271431793e-11	8.17111234353841e-09
Group1.22	529627	4.43265088697244	9.30815183013211e-06	0.000499166343120195
Group1.22	529644	4.04601528703554	5.20968323512728e-05	0.00223716972027994
Group1.22	533263	-4.25338481541524	2.1056327028064e-05	0.00102164204904996
Group1.22	534603	5.78570239596864	7.22099580336996e-09	8.79705662654028e-07
Group1.22	534646	6.93908763113483	3.94640290429626e-12	1.05312580360363e-09
Group1.22	534762	6.14649794208986	7.92123499334305e-10	1.19974597034309e-07
Group1.22	534842	6.87469431335614	6.21229268096494e-12	1.5136386167012e-09
Group1.23	129976	-5.03108290897748	4.87717166007127e-07	3.76988551490198e-05
Group1.23	129987	-3.29656662204582	0.000978743984661919	0.0230942370107174
Group1.23	130001	-3.30106217704911	0.000963195344923611	0.0228718081057285
Group1.23	294480	3.43244245313215	0.000598170811666913	0.0160774543337236
Group1.23	322735	-3.63225357626611	0.000280956830435092	0.00910105247259108
Group1.23	590963	3.39056735306153	0.00069748113616362	0.0179709622393606
Group1.29	220999	-6.30270411848293	2.92496948937791e-10	5.20366000586471e-08
Group1.29	221015	-5.14294663760688	2.70462463602006e-07	2.26219648660544e-05
Group1.29	397836	3.13688898554384	0.00170750766910214	0.0337482725486279
Group1.29	397985	-5.83635776321276	5.33542685517402e-09	6.87350163135522e-07
Group1.29	398010	-4.55611162079727	5.21092526772247e-06	0.000299507950772479
Group1.29	431115	-6.39065641368886	1.6517514811438e-10	3.03489026240323e-08
Group1.29	436016	-5.08653445100664	3.64665503990295e-07	2.89870281469732e-05
Group1.29	532582	3.24299793998233	0.0011827906638107	0.0259935642352751
Group1.29	532788	3.07094274053731	0.00213384067644086	0.0385743327444341
Group1.29	590277	3.07804323995853	0.00208364679018442	0.0381593353339657
Group1.29	654580	3.89248666143447	9.9221956472817e-05	0.00391577354981455
Group1.37	160938	3.34853531966026	0.000812399251507795	0.0200118039799986
Group1.37	1286840	-3.80346905015633	0.000142683827185498	0.00520912161268749
Group1.37	1286925	-4.14691632064155	3.36983151853471e-05	0.00153532811624947
Group1.37	1286944	-4.94661800579023	7.55139569400142e-07	5.64240286255786e-05
Group1.37	1287261	4.74608560377253	2.07390968813361e-06	0.000135932045523985
Group1.37	1908298	-3.81273467382852	0.000137437629835752	0.00508383153531058
Group1.37	1908548	-3.45916759151271	0.00054184764162217	0.0149581979490179
Group1.41	155634	3.32754490627743	0.000876148668811064	0.0213012457267558
Group1.41	155637	3.80952726013326	0.000139232755468505	0.00513329185293094
Group1.41	155689	-5.20478606483391	1.94220223648254e-07	1.67447712819202e-05
Group1.41	1032083	3.39187012983462	0.00069417334594579	0.0179269466851622
Group1.42	117672	-3.46955660133194	0.000521318210234712	0.0146073362507766
Group1.42	164468	9.43001386872679	4.10034751318172e-21	3.53513037905697e-18
Group1.42	164543	-10.6669519135193	1.45315313036401e-26	3.25738805702397e-23
Group1.42	176031	3.31196196812862	0.00092644139594061	0.0221870836873982
Group2.7	222601	3.35098708602753	0.000805240574708754	0.0199230383252444
Group2.15	1069599	3.08929441653923	0.00200632507834661	0.0374157928088332
Group2.15	1075908	-3.19805156637416	0.00138359536845071	0.0291047481076306
Group2.17	1027340	-5.23832857349433	1.6203738890081e-07	1.40784112775216e-05
Group2.17	1027509	-6.19792482621761	5.72124527606083e-10	9.16053100772711e-08
Group2.18	1217825	3.04775722926472	0.00230556107473207	0.0406940606702316
Group2.18	1217964	-6.05671044871452	1.38933342397179e-09	2.02229207998387e-07
Group2.18	1218146	3.18668420936851	0.00143913811169937	0.0297598892175767
Group2.18	1218193	3.97973992514076	6.89907016957828e-05	0.00285331285832596
Group2.19	3059	3.12264960702882	0.00179230987613398	0.0347220097499754
Group2.19	3122	3.34464887936534	0.000823867986683104	0.0202054975814972
Group2.19	21062	3.63244050708	0.00028075331741214	0.00910105247259108
Group2.19	21142	-8.06517173993674	7.31329855398995e-16	3.72579319059633e-13
Group2.19	21153	-4.20474272764153	2.61379299750724e-05	0.00123609248590975
Group2.19	25865	-3.01876406999909	0.00253808100829197	0.0436970997556626
Group2.19	41991	4.18427241856311	2.86080882721516e-05	0.00133045416329575
Group2.19	80027	-3.57988781948725	0.000343741743759658	0.0105842238023578
Group2.19	552849	-3.0988517774668	0.00194272186291614	0.0365035024219052
Group2.19	625308	3.40515041111051	0.000661276205220139	0.017276418900017
Group2.19	1022879	-3.20474460440583	0.00135182372344487	0.02874998157945
Group2.19	1233244	-6.15121156718611	7.68932634720079e-10	1.1805749273894e-07
Group2.19	1234440	-3.28824284042727	0.00100814839129974	0.0233940521111542
Group2.19	1652210	5.68143755828883	1.33567278881422e-08	1.43065854235735e-06
Group2.19	2725622	-5.34774670412143	8.90559776194855e-08	7.98511517727355e-06
Group3.1	30222	3.21431297898221	0.00130757063253591	0.0280215136701004
Group3.5	715175	-4.49559907385819	6.9374346485198e-06	0.000386839639505522
Group3.7	35092	5.68766869599311	1.28785360681289e-08	1.41512384560381e-06
Group3.7	79744	4.33271952949853	1.4727868527624e-05	0.000750317956625497
Group3.7	336848	-3.08702825150756	0.0020216838158416	0.0375771678407176
Group3.7	336969	-3.26089965789041	0.00111059334112605	0.0248453695954905
Group3.8	946184	3.07869681786464	0.00207908146602913	0.0381380443064721
Group3.8	946258	3.29768808989897	0.00097484358723112	0.0230507319107308
Group3.8	946287	3.29840479851106	0.000972358462022779	0.0230405785250556
Group3.8	947740	4.35159783786601	1.3514898915588e-05	0.000701273088175509
Group3.8	955358	4.08008196994858	4.50198225403523e-05	0.00195574484896228
Group3.8	955372	7.53312681783304	4.95394549024897e-14	1.85079403515702e-11
Group3.8	955525	5.66099270064301	1.50499829414074e-08	1.57645054960088e-06
Group3.8	955558	5.88117993344838	4.07352034849081e-09	5.30883907742849e-07
Group3.8	955581	4.73815262873357	2.15675348095376e-06	0.000140540075665871
Group3.8	1132747	-4.56005731658225	5.11396606184674e-06	0.00029602866007163
Group3.9	974312	-4.9155000858368	8.85561117756725e-07	6.40346387601121e-05
Group3.9	974320	-5.05423027611868	4.32129975744952e-07	3.41078363954185e-05
Group3.9	998479	-4.85576867517307	1.19920632122192e-06	8.34826363245666e-05
Group3.9	1102460	-3.52167251010434	0.000428833549503014	0.012451726484015
Group3.9	1102777	4.29838747459162	1.72045207161158e-05	0.000864700754198325
Group3.9	1107424	2.99888983345128	0.00270965264551	0.0459452146004177
Group3.9	1107511	-3.06411530648957	0.00218314747727427	0.0392756290935635
Group3.9	1783301	-3.0728371383021	0.00212034172145892	0.0383922294250592
Group3.12	151269	-12.0944494055376	1.12997279902856e-33	3.16618378287802e-30
Group3.12	151281	-6.56790982098413	5.10264258216562e-11	1.0033406677353e-08
Group3.14	60163	-9.57630395520976	1.0057998765187e-21	9.39417084668462e-19
Group3.14	60548	3.80039673619738	0.000144464610561105	0.00523999791316784
Group3.14	61080	-3.61206529935323	0.000303768045957493	0.00967225073605563
Group3.14	61094	-3.16096003401152	0.00157250072937729	0.0318708646923339
Group3.14	113018	5.53314948074318	3.14531195877955e-08	3.09233828368431e-06
Group3.14	113036	5.78025746550423	7.45863917391263e-09	8.98886321088309e-07
Group3.14	553692	3.77996499656183	0.000156850407968348	0.00565266679263424
Group3.14	553717	5.75339531801282	8.74686199439275e-09	1.0319455708753e-06
Group3.14	553732	5.68084805950469	1.34028503700501e-08	1.43065854235735e-06
Group3.14	566319	-3.43407776130212	0.000594573600331698	0.0160191848858598
Group3.15	143502	4.58471868992604	4.54598063817366e-06	0.000269085092740284
Group3.15	346911	4.92873360997634	8.27643311572255e-07	6.1431961828489e-05
Group3.15	347006	5.80750828418174	6.34094152855238e-09	7.89658585022389e-07
Group3.15	347324	6.48349052139754	8.96245111322856e-11	1.6741858679511e-08
Group3.15	347374	3.39756534992974	0.000679883472641004	0.0176391989846305
Group3.15	347400	3.06010759297285	0.00221257490485347	0.0395989762034693
Group3.15	376503	3.04918732831247	0.00229461351340269	0.0406287966164571
Group3.15	376572	3.69257732879017	0.000221992808361412	0.00753130296558889
Group3.15	377419	-3.28240081278658	0.00102927188858031	0.0236003362258842
Group3.15	463928	-4.21129520781028	2.53910676179458e-05	0.00120586053331329
Group3.15	474358	-4.00789220769022	6.12630685910103e-05	0.00257167218265185
Group3.15	474884	-5.9416071284943	2.82241193366351e-09	3.81127625933743e-07
Group3.15	481556	3.00174066461208	0.00268440756194665	0.045724680781608
Group3.15	481875	-3.44971106597451	0.000561186842353599	0.0153784404134453
Group3.15	482102	3.37258053556509	0.000744673049233804	0.0190120627239464
Group3.15	482369	-8.0421178958449	8.82988754025602e-16	4.30284258918215e-13
Group3.15	494004	-3.59160401577216	0.00032864895544849	0.010289099141527
Group3.15	537368	-4.6538701293624	3.25762028500012e-06	0.000203974347230622
Group3.15	541862	3.06889938344541	0.00214848937970401	0.0387766005921458
Group3.15	545942	-3.88324672191548	0.000103070888727583	0.00401117541964844
Group3.15	637384	4.36989480160884	1.24306406618668e-05	0.000656605014945697
Group3.15	757442	3.5846319624661	0.000337553861782829	0.0104511151460275
Group3.15	757476	3.40181745674011	0.00066939333397331	0.0174073329168744
Group3.15	757495	3.61286077608689	0.000302837323384664	0.00967008752277866
Group3.15	766171	3.12760855989591	0.00176234722579007	0.0344118252729182
Group3.15	766447	-4.77428003393526	1.80351284101161e-06	0.000118904540717989
Group3.15	766916	3.56275419286056	0.000366984274757796	0.011065899162661
Group3.16	411143	-3.16341833175681	0.00155928093718391	0.0317176420035523
Group3.16	411984	6.58757642119773	4.47063890553775e-11	9.11034924604856e-09
Group3.16	508533	4.27353729220864	1.9239608821604e-05	0.000945778665230428
Group3.16	509779	-3.17619554868218	0.00149220327340428	0.0306873656666333
Group3.16	549888	-3.99130443345166	6.57108633873154e-05	0.00273787121503729
Group3.18	170384	3.41727116553807	0.000632522439564137	0.0167993163569546
Group3.18	200099	3.41437604377273	0.000639282753800242	0.0168987761900781
Group3.18	200144	3.01885155246284	0.00253734826019144	0.0436970997556626
Group3.18	200903	5.53566824878415	3.10043940238109e-08	3.07519688689267e-06
Group3.18	326408	3.57136882091408	0.000355120400857807	0.0108157322087345
Group3.18	328220	-3.07307113879049	0.00211867974372313	0.0383922294250592
Group3.18	400731	3.76501558337538	0.000166538695519675	0.00594447674963222
Group3.19	16940	-3.25399671913977	0.00113793594000718	0.0254063466446225
Group3.19	52565	-3.36222176069632	0.00077318002670529	0.019430048742854
Group3.19	52629	-3.35794352439308	0.000785246549869169	0.0196035321559949
Group3.19	52651	-3.4892577210549	0.000484363914232603	0.0137785552048706
Group4.1	328932	6.27428489513633	3.51244850665116e-10	5.96477619129488e-08
Group4.6	183118	3.90001875590159	9.61852363828027e-05	0.00380934321335142
Group4.6	535839	-3.26965396736238	0.00107679118679874	0.0243811628720006
Group4.6	622561	-7.57875514435198	3.4888623817474e-14	1.34838515774569e-11
Group4.6	622570	-8.64584304395916	5.34094876410772e-18	3.15059756569049e-15
Group4.6	622771	-3.1064365620098	0.00189356932955442	0.0360151861697046
Group4.7	32436	-3.46061876540733	0.000538935446025664	0.0149514566313258
Group4.7	32448	-3.09737985662653	0.00195239518829508	0.0365927178434971
Group4.7	32568	-4.44266260618433	8.88524372884262e-06	0.000481090877839942
Group4.7	308687	-3.0108349711777	0.00260530407404863	0.0445805313922703
Group4.7	357396	3.01942932054816	0.00253251376447825	0.0436970997556626
Group4.7	357422	4.88357355430518	1.04180261600721e-06	7.34372561019421e-05
Group4.7	357611	3.37465350312091	0.000739086839176829	0.0189125235011276
Group4.9	2152493	3.58073357750766	0.000342630888812495	0.0105790826496155
Group4.12	66191	-3.5745682392691	0.000350806312991691	0.010713452741174
Group4.13	97033	-3.28140349972286	0.00103291862595203	0.0236264325707558
Group4.13	382553	-3.66174984285445	0.000250498402254128	0.00825760615430667
Group4.13	1970406	-2.97912469360417	0.00289073114397699	0.0476276515133943
Group4.13	1980860	3.16116391599072	0.00157140041762466	0.0318708646923339
Group4.13	2290511	-3.16749161029991	0.00153760146589358	0.0313649233999593
Group4.13	2290554	-3.13387546870873	0.00172514052886212	0.0339217106096258
Group4.13	2290637	-3.32084531638053	0.000897452618099533	0.0216781227234042
Group4.16	241019	-8.06982439535731	7.039934752104e-16	3.72579319059633e-13
Group4.16	241031	-7.68699190157043	1.5063466623562e-14	6.25301236729197e-12
Group4.16	250118	-3.30763700718796	0.000940866766055859	0.0224464838255195
Group4.16	534563	3.22165558133017	0.00127452244080271	0.0275769257075614
Group4.16	629383	-4.98699166745852	6.13267091958903e-07	4.67584868481319e-05
Group4.16	829544	-4.31378436566164	1.60483483892055e-05	0.00081022472408205
Group4.16	830035	-5.57211199701677	2.51669538643269e-08	2.51849302599442e-06
Group5.2	566191	3.27366786496636	0.00106161313223829	0.0240861538180705
Group5.2	728094	3.74870126999692	0.000177752657162729	0.00627834618956229
Group5.2	730041	-3.18404558994952	0.00145232136903367	0.0299240149187077
Group5.2	730842	3.57675859037345	0.000347881169001749	0.0106531479294306
Group5.11	573627	-3.77794683884109	0.000158126621278599	0.00568039477977737
Group5.14	762820	6.28829986518743	3.20961494967651e-10	5.53436374707297e-08
Group5.14	768046	4.83048079133973	1.36203754671725e-06	9.30836391683351e-05
Group5.14	768194	8.99670339076747	2.32596894845204e-19	1.73796399828336e-16
Group5.14	1118410	4.45593896082215	8.35267970673753e-06	0.00045445065122871
Group5.14	1225585	-5.17504013860511	2.27861989721206e-07	1.93475543999642e-05
Group5.14	1225612	-3.24670884162919	0.00116747758161344	0.0258598591595326
Group5.14	2106016	-3.29565870777952	0.000981912235311577	0.0231203200280928
Group5.14	2106049	-3.72509021814426	0.0001952453814915	0.00677495429026853
Group5.14	2263120	5.71352158884599	1.10661827336892e-08	1.24029776079188e-06
Group5.14	2269175	-3.43106829216907	0.000601209225584415	0.0161204617233257
Group5.15	25275	3.45058559937647	0.000559371747503598	0.0153662709461282
Group5.15	202753	-6.16342352915942	7.11887653146454e-10	1.10817178006465e-07
Group5.15	212065	-3.49895341355589	0.000467088183187382	0.0133890648520823
Group5.18	85497	5.75097214577088	8.87317348672588e-09	1.03594300457525e-06
Group5.18	183489	-5.91158784135542	3.38825491409774e-09	4.46771306790676e-07
Group5.18	195131	2.97550063134823	0.00292510748104712	0.0480712678116952
Group5.18	470574	-3.52532177041466	0.000422968688960356	0.0123523803921131
Group5.18	585810	3.40894128002603	0.000652155156038006	0.0170779322169953
Group5.20	390824	-3.54082585306734	0.000398876756419547	0.0117958065592356
Group5.20	395003	3.11715251841993	0.00182607073840156	0.0350455493767204
Group5.20	424435	-3.56183564324291	0.00036827091253324	0.011065899162661
Group5.20	424636	-3.19073704093681	0.00141910376241196	0.0295089331523437
Group5.20	424659	-3.25138234978311	0.00114845296061951	0.0255394063147291
Group5.20	424705	4.12607275782938	3.69010567012109e-05	0.0016477571454469
Group5.20	424741	3.29270931252158	0.000992270073052471	0.0232664497463851
Group5.20	425248	-5.70149442042112	1.18761623667873e-08	1.31790126541537e-06
Group5.20	479301	3.02503713187061	0.00248602604166248	0.0431321669890914
Group5.20	481645	3.16026854233331	0.00157623786186851	0.031888942158524
Group5.20	517246	-2.98579378058435	0.00282843310345974	0.0470664159256545
Group5.20	517462	7.24870757238632	4.20767218780243e-13	1.34741685373971e-10
Group5.20	674728	2.98848313134267	0.00280365976414825	0.0469707303984657
Group5.20	675598	3.28954327214714	0.00100350125048578	0.0233345270029971
Group6.1	175492	4.28673108127004	1.81321573448735e-05	0.00089526528423499
Group6.1	176370	4.47593272877733	7.60784385336076e-06	0.000420042925657475
Group6.2	451148	4.19587222157084	2.71823470406646e-05	0.00127472696917058
Group6.7	129708	3.39637830293343	0.000682839139975553	0.0176749678541478
Group6.14	159594	3.35116849926846	0.000804713216367345	0.0199230383252444
Group6.15	239260	4.28748316671333	1.807089468447e-05	0.00089526528423499
Group6.15	589935	3.26203828236718	0.00110614204436845	0.0247952800665632
Group6.15	589948	3.58966130714345	0.000331107888510929	0.0103084922623069
Group6.16	290692	-3.59703982994812	0.000321859213949993	0.0101047564984637
Group6.20	139766	-3.16860097512196	0.00153174531026345	0.0313281048128335
Group6.20	225824	3.35781047271097	0.000785624602191631	0.0196035321559949
Group6.20	230113	3.02142362728702	0.00251589098984508	0.0435828534995111
Group6.20	829073	3.21495308774934	0.0013046584169895	0.0280126657808779
Group6.20	877354	-3.56222624151106	0.000367723276240053	0.011065899162661
Group6.28	75876	3.48640010693471	0.000489568184591858	0.0138913423111533
Group6.31	176282	-3.60696630172968	0.000309797875704379	0.0098085157934878
Group6.31	220013	3.00740738790476	0.00263486395770964	0.0449490947306083
Group6.31	220764	3.36028298510632	0.000778626745746896	0.0195231511551034
Group6.32	74116	-3.34774777155129	0.000814711238827173	0.0200247446595942
Group6.32	74126	-3.60383778090939	0.000313552796497976	0.00987162849199245
Group6.32	74264	-3.03633964534767	0.00239469446616213	0.0420027160825433
Group6.32	74342	-3.31231770185653	0.000925264057829311	0.0221870836873982
Group6.32	122340	3.21873803386155	0.00128756055416209	0.0278053539326566
Group6.32	345404	3.71870117759124	0.000200249774368424	0.00692304452998865
Group6.32	346313	5.65041556767625	1.60060410572439e-08	1.66107137194065e-06
Group6.32	346628	5.42641055044517	5.74986197481235e-08	5.28233221423744e-06
Group6.32	346647	3.08052630110131	0.0020663510387913	0.0380915500703501
Group6.36	15758	-4.12766607534912	3.66463752271086e-05	0.00164767509135301
Group6.36	198203	-2.97967775414951	0.00288551759712388	0.0476276515133943
Group6.36	287551	5.6187212863452	1.92375893708382e-08	1.96013546971231e-06
Group6.37	401246	-3.69106256712175	0.000223319191750111	0.00753130296558889
Group6.38	686957	2.98006124352938	0.00288190759085679	0.0476276515133943
Group7.2	102990	3.50591645029473	0.000455038032639049	0.013140511208941
Group7.2	103186	-2.96617089563581	0.00301532886125735	0.0490505165122967
Group7.2	103197	-2.98573934217553	0.0028289366282249	0.0470664159256545
Group7.5	392349	5.93483385418111	2.94143214195799e-09	3.92471088655537e-07
Group7.5	757733	3.14478875584224	0.00166206796537794	0.0330878468134209
Group7.6	169872	-6.32909900827497	2.46596849673129e-10	4.45783466312328e-08
Group7.6	169884	-7.16727188451715	7.65069983507342e-13	2.31754172301359e-10
Group7.6	169917	-7.73600031321529	1.02593209401912e-14	4.42255650375627e-12
Group7.6	169925	-8.18759845227288	2.66490213245785e-16	1.49341115502938e-13
Group7.6	170060	-3.54143721697871	0.000397953552433519	0.0117958065592356
Group7.6	171054	4.1972690782989	2.70152888056952e-05	0.00127221578543795
Group7.6	208887	3.01968029206967	0.00253041637696893	0.0436970997556626
Group7.6	209010	9.88949952252963	4.62333444260926e-23	4.71075749388769e-20
Group7.6	209814	10.6208577363626	2.38360750940526e-26	4.45257882756902e-23
Group7.6	209827	10.2596031576173	1.07146153403028e-24	1.50111760917642e-21
Group7.6	209848	7.08429928527003	1.39749597042189e-12	4.12187758854961e-10
Group7.6	209870	3.28737991408326	0.0010112430773528	0.0234173810144013
Group7.6	211679	-3.61694077619166	0.000298105476918291	0.00959119120025561
Group7.6	211845	-2.98915593715807	0.00279749318380442	0.0469707303984657
Group7.6	212584	-3.13231189428421	0.00173435524064703	0.0339836600300208
Group7.6	212590	-3.27396671396105	0.00106049102624314	0.0240861538180705
Group7.6	216031	3.2826449087263	0.00102838115343432	0.0236003362258842
Group7.6	234592	-3.15838952105359	0.00158643427829431	0.0319797758833141
Group7.6	234594	-3.96272862631121	7.40979917509944e-05	0.0030199646965278
Group7.6	234840	5.19189113180955	2.081687218214e-07	1.78103437723225e-05
Group7.6	246550	-4.3363991696897	1.44835819984055e-05	0.000741241949945793
Group7.6	246586	-3.87632229495678	0.000106047196066095	0.00409854128796136
Group7.6	246646	-7.40003166276707	1.36152029842456e-13	4.62421803174013e-11
Group7.6	246830	-6.10567602980132	1.02366461843507e-09	1.52976440578937e-07
Group7.6	246896	-14.1453382504565	1.99554825066323e-45	7.45536826447782e-42
Group7.6	247139	-5.97808827702685	2.25771387421706e-09	3.12400704965738e-07
Group7.6	250861	2.97879276547414	0.0028938642648663	0.0476276515133943
Group7.6	252780	-3.0906741077777	0.0019970268584951	0.037329128545554
Group7.7	151411	-3.60728717658399	0.00030941514427791	0.0098085157934878
Group7.7	151484	3.44641549771781	0.000568076195995617	0.0154538786522303
Group7.7	151490	4.6199815287798	3.83774208615257e-06	0.000232504936765395
Group7.9	102151	4.83416835291037	1.33703401952122e-06	9.19354435018028e-05
Group7.9	102420	-3.21132304569445	0.00132125314676387	0.0281810443212299
Group7.9	315329	-3.07400831620498	0.00211203545042464	0.038365791456012
Group7.9	315359	-3.10612718435197	0.00189555166936252	0.0360151861697046
Group7.12	274347	4.14889549783719	3.34083266656758e-05	0.00152832867456692
Group7.16	122469	3.02734277343562	0.00246714021190715	0.0429891658844739
Group7.17	382775	3.43433545215027	0.000594008593936071	0.0160191848858598
Group7.17	529419	3.4122946266903	0.00064418447174651	0.0169484027214434
Group7.17	529555	3.22269739686113	0.0012698963204445	0.0275769257075614
Group7.19	65170	-3.87666359974561	0.000105898613456678	0.00409854128796136
Group7.19	65185	-3.74156373342769	0.000182878784899666	0.0064153021122164
Group7.19	65322	-10.1500017872453	3.31357355038041e-24	4.1265035947404e-21
Group7.21	31095	-3.05661400768798	0.00223852333968917	0.0398877100019653
Group7.24	675391	3.25240471060817	0.0011443295812407	0.0254983020806078
Group7.24	675458	3.46848371229878	0.00052340425344814	0.0146292141462512
Group7.24	675467	5.52710997176938	3.25548912464354e-08	3.16541467867912e-06
Group8.1	53656	3.69056389976821	0.000223757469193536	0.00753130296558889
Group8.1	283492	4.15701367728843	3.22434693996857e-05	0.00148718026762007
Group8.1	283514	4.36675624379691	1.26105325573242e-05	0.000660461910759299
Group8.1	284105	-5.09732543819879	3.44485824454036e-07	2.7776957701301e-05
Group8.1	571753	3.0601342044634	0.00221237831156536	0.0395989762034693
Group8.6	1590454	-5.12966657148008	2.9025583423593e-07	2.40036405302083e-05
Group8.6	1591331	-3.80707880139728	0.000140617949259934	0.00516736385346013
Group8.6	1593305	-6.58277172090066	4.61757846085002e-11	9.24175346235839e-09
Group8.6	1615712	4.36973064920531	1.24399883364549e-05	0.000656605014945697
Group8.6	1623521	7.05276221803404	1.75400446400457e-12	5.04073898270853e-10
Group8.7	34469	4.33725580107409	1.44272684104755e-05	0.000741241949945793
Group8.7	34841	-3.52576809037086	0.000422256554616713	0.0123523803921131
Group8.7	34869	-3.50531207509799	0.000456072346562996	0.013140511208941
Group8.7	34880	-3.55608586912165	0.000376421090269617	0.0112805550260478
Group8.7	34903	-3.14517345785474	0.00165988381990958	0.0330878468134209
Group8.7	34968	-3.42430963348438	0.000616363505928204	0.0164481004153412
Group8.7	942743	-3.13152384697498	0.0017390166238383	0.0340155293542403
Group8.8	580459	3.66722316970143	0.00024519878080847	0.00813073353639446
Group8.8	651450	3.01689842752747	0.00255375366936712	0.0438322681872385
Group8.8	675309	3.19761504676894	0.0013856912475458	0.0291047481076306
Group8.8	695349	-6.06629380807118	1.30895583277661e-09	1.93036539128425e-07
Group8.8	726659	3.1729730913895	0.00150886508307516	0.0309731865404879
Group8.8	726711	3.04836238012901	0.00230092275452308	0.0406762495783828
Group8.8	726800	3.06263179159615	0.00219399840026638	0.0394075866509385
Group8.8	764438	-9.05374329244177	1.38149356881621e-19	1.10598427994944e-16
Group8.8	764657	-4.72408843130535	2.31149824535796e-06	0.000149676895207338
Group8.8	812885	-3.32993706730756	0.000868656148692109	0.0211649959011764
Group8.8	874139	3.30583463538081	0.000946939554272226	0.0225335425144015
Group8.8	874173	6.007435526294	1.88480718641767e-09	2.64061486817115e-07
Group8.8	884004	-6.24160349103564	4.33107727131512e-10	7.24518120252237e-08
Group8.8	917344	5.48840029945365	4.05590090127506e-08	3.83037859305762e-06
Group8.8	925465	-3.80071839689911	0.000144277192387143	0.00523999791316784
Group8.9	10065	-3.47223279269392	0.000516148550483215	0.0144987292075586
Group8.9	10210	-8.8164185332123	1.18179117497658e-18	7.79147969949265e-16
Group8.9	162827	-3.93563001775866	8.2978725568493e-05	0.00332151984347025
Group8.9	1075102	-3.65348690564528	0.00025870298748673	0.0085030588966313
Group8.9	1075145	-2.98890830230208	0.00279976143121518	0.0469707303984657
Group8.9	1110701	-4.96442084850068	6.89063805258241e-07	5.18323968411702e-05
Group8.9	1481714	3.64014451071118	0.000272485068944009	0.00892986155767385
Group8.9	1483726	3.69901562857351	0.000216437274736148	0.00739582004647181
Group8.9	1483745	3.09859926662821	0.00194437820716251	0.0365035024219052
Group8.9	1484386	3.43673871712676	0.000588763268872407	0.0159778661441209
Group8.9	1484529	3.05801322578007	0.00222809742079967	0.0397651526947815
Group8.11	330582	-3.28229121478236	0.00102967205696443	0.0236003362258842
Group8.11	333821	-6.87668167269125	6.12627942012761e-12	1.5136386167012e-09
Group8.11	434682	-7.00594607207722	2.45322400963078e-12	6.87393367498543e-10
Group8.11	439357	-3.38015219396423	0.000724457016831938	0.0185805817955432
Group8.11	439366	-3.36926994426049	0.000753675771337784	0.0191546440933195
Group8.11	441199	-3.18402698583494	0.00145241471411286	0.0299240149187077
Group8.11	444391	-3.83405210630427	0.000126049421966106	0.00475677414611487
Group8.12	59414	-3.58892509985616	0.000332044213909188	0.0103090070623107
Group8.12	182090	-3.62780519450351	0.000285840796842812	0.00923257536315343
Group8.12	182201	3.28385592207128	0.00102397256143856	0.0236003362258842
Group8.13	154257	3.82273383750925	0.000131980218773106	0.00494727187962866
Group8.13	172644	-6.79074500898458	1.11555947213557e-11	2.50063811273909e-09
Group8.14	37607	3.34895901041	0.000811157952074022	0.0200118039799986
Group8.14	37619	2.98240488641835	0.00285993497494684	0.0474173834307754
Group8.14	95811	4.60590433978613	4.10677159477607e-06	0.000247466107711022
Group8.17	80443	4.23681479679986	2.26712986931224e-05	0.00108245918992261
Group8.21	639377	3.27479175258822	0.0010573988984891	0.0240861538180705
Group8.21	760975	4.91834560887771	8.72787157073468e-07	6.39359376240486e-05
Group8.21	763899	5.68283899391681	1.32476975134826e-08	1.43065854235735e-06
Group9.10	191820	3.48493727826239	0.00049225241433107	0.0139322349995521
Group9.10	278121	5.2465370825275	1.54984665219681e-07	1.35708447482983e-05
Group9.10	278491	-3.40377702430838	0.0006646098224297	0.017323132301842
Group9.10	278513	-8.98573722721212	2.57005445812867e-19	1.80032314791914e-16
Group9.10	278526	-3.12108615800446	0.00180185308294808	0.0347593276311223
Group9.10	278539	-3.10607685096102	0.00189587436118181	0.0360151861697046
Group9.10	789851	-3.03759922072964	0.0023847088320926	0.0419588957458302
Group9.10	790032	3.11952565698038	0.0018114248446421	0.0348839341215613
Group9.10	810936	-6.23357543621114	4.55907655188891e-10	7.51443088140748e-08
Group9.10	811044	-5.41168184129452	6.24355480914401e-08	5.68924896755172e-06
Group9.10	811063	-5.72329867830706	1.04475354137696e-08	1.18848185873798e-06
Group9.10	812731	4.34103573976134	1.41812651967719e-05	0.000732459079840643
Group9.10	812918	3.2896157375231	0.00100324287700349	0.0233345270029971
Group9.10	1029778	-4.04740741276837	5.17880563943662e-05	0.00223246360026176
Group9.10	1029940	-5.72248304711397	1.04978322640132e-08	1.18848185873798e-06
Group9.10	1030086	-4.46552820854598	7.98714472072397e-06	0.000436682526974997
Group9.10	1030100	-4.97305404053563	6.59062791136296e-07	4.9910647047673e-05
Group9.10	1689402	3.8589394985166	0.000113880123285628	0.00435620621769733
Group9.10	1691383	3.11158599361949	0.00186085267441511	0.0355911890355709
Group9.10	1691396	4.24204464948051	2.21492611698932e-05	0.00106544600511658
Group9.10	1721524	-5.44449276047972	5.19532168555743e-08	4.85243045431064e-06
Group9.10	1735264	4.54730409740738	5.43374587727313e-06	0.000307582948446855
Group9.10	1735740	3.53148974208209	0.000413225889179476	0.0121559993856262
Group9.10	1741665	3.60546987925756	0.000311588631618607	0.00983742361459536
Group9.10	1746096	-5.82646248869587	5.66145849458257e-09	7.12962098958219e-07
Group9.10	1755864	5.52600086710366	3.27612511355084e-08	3.16541467867912e-06
Group9.10	1783035	-4.26047729615373	2.03990804506714e-05	0.00099839691568177
Group9.10	1783743	3.28674025224211	0.00101354274930403	0.0234222415138134
Group9.10	1783847	-2.99210005712267	0.00277065437752775	0.0467673106375468
Group9.10	1798724	-3.95844649947728	7.54388341002078e-05	0.00306347265433018
Group9.10	1798861	5.32517528976818	1.00855731640908e-07	8.97135746215311e-06
Group9.10	1799434	-5.6090627915342	2.03425212904908e-08	2.05404485246686e-06
Group9.10	1911185	3.03685560605191	0.00239059942497014	0.0419966118417952
Group9.10	1937581	4.53265476023326	5.82469719368285e-06	0.000326416030733987
Group9.12	55538	-4.12401855508625	3.72318881410577e-05	0.0016559325487499
Group9.12	516313	3.01722014375467	0.00255104473539098	0.0438322681872385
Group9.12	583093	-3.45549759415172	0.000549278093593888	0.0151260660270278
Group9.12	718145	3.8143200409822	0.00013655840452245	0.00506803509234313
Group9.12	866922	3.222161497108	0.0012722740120541	0.0275769257075614
Group9.12	886704	-3.68606447293654	0.00022774867665577	0.00761972288942649
Group9.12	1089630	-3.27668596628405	0.0010503311875278	0.0239757880851561
Group9.12	1089666	-3.36320928527868	0.000770419331284837	0.019430048742854
Group9.12	1089675	-3.357298913709	0.00078707971718395	0.0196035321559949
Group9.12	1089991	-3.94557923847749	7.96073000489396e-05	0.00319798788153589
Group9.12	1271017	-3.22491885897021	0.00126008377198445	0.027476690498836
Group9.12	1271446	-3.13986767325256	0.00169024164292377	0.0335071791868677
Group9.12	1271472	-3.56650552740123	0.00036177318278845	0.0109884927715256
Group9.12	1271484	-2.96659447999405	0.00301117828049309	0.0490505165122967
Group9.12	1271554	-3.73018944536025	0.000191335850007852	0.00665991368598761
Group9.12	1294997	-3.02657370371655	0.00247342512734188	0.0429891658844739
Group9.12	1398154	-4.36494978192483	1.27151965931514e-05	0.000662846155423446
Group10.17	190953	2.96713598274768	0.00300587984152028	0.0490505165122967
Group10.17	193791	-3.10204622651509	0.00192187944542688	0.0364015273262071
Group10.21	232327	3.84464382628491	0.000120727660706597	0.00457133655810656
Group10.21	233549	5.79354905145519	6.89143453259712e-09	8.48782398256577e-07
Group10.21	233556	7.38813633895076	1.48901024811511e-13	4.90847848849239e-11
Group10.21	233579	18.4182420464407	9.38007409186203e-76	1.0513187042159e-71
Group10.21	233633	10.5687860915287	4.15842263293061e-26	6.65822869569804e-23
Group10.21	246591	-3.66292149416334	0.000249354978001286	0.00824416104259119
Group10.21	246616	-3.21622786068078	0.0012988765792533	0.0279420512481208
Group10.23	526283	3.24392901787334	0.00117893121545877	0.0259935642352751
Group10.23	1030653	3.94834775591031	7.86924360756458e-05	0.00318406073478642
Group10.24	91369	3.12308662924125	0.00178965063684969	0.0347220097499754
Group10.24	97704	-3.08752214798719	0.00201832730969923	0.037577097154666
Group10.24	99934	5.02077416837955	5.14636369672115e-07	3.95071536389388e-05
Group10.24	100135	2.98613073980792	0.00282531824005681	0.0470664159256545
Group10.25	82566	9.92966320437746	3.09298463178626e-23	3.46661717530604e-20
Group10.26	215409	4.18813021484994	2.8126213230657e-05	0.00131349415787168
Group10.26	215665	-3.23692677684387	0.00120824409813355	0.0264492184607047
Group10.26	308373	-3.19128398859756	0.0014164198171551	0.0295089331523437
Group10.26	321478	-4.57417092998227	4.78109402828072e-06	0.000279096363900887
Group10.26	321487	-5.05108194704692	4.39314535922063e-07	3.44324288014999e-05
Group10.26	935844	4.1036281348915	4.06721021988048e-05	0.00178067547439142
Group10.26	936142	4.67132877577944	2.99257497777863e-06	0.000190572615630357
Group10.26	1466918	3.6861222824097	0.000227696975797036	0.00761972288942649
Group10.26	1466924	4.54376126551716	5.52592394133668e-06	0.000311228922283927
Group10.26	1467064	3.70467052484939	0.000211665675407156	0.00725488957175354
Group10.26	1467085	6.82416397171436	8.84388224604296e-12	2.02852458983956e-09
Group10.26	1467099	6.20802197420246	5.36556498156864e-10	8.71554381353933e-08
Group10.26	1467120	7.79576526304058	6.4019299260558e-15	2.98970127546806e-12
Group10.26	1467138	6.02897629107547	1.65001489060556e-09	2.34093251821608e-07
Group10.26	1467934	4.12700268596861	3.67522102817855e-05	0.00164767509135301
Group10.26	1467944	6.90724272914479	4.94164012261348e-12	1.28804424405237e-09
Group10.26	1467964	7.18707674975795	6.61932059093476e-13	2.06081514397769e-10
Group10.26	1486358	-17.0676338303208	2.58464878694095e-65	1.44843718020171e-61
Group10.26	1489593	3.87178215856329	0.000108042492612186	0.00416130672576419
Group10.26	1489792	3.88653833086471	0.000101683876710992	0.00397361619413843
Group10.26	1489937	-3.32417929877999	0.000886791619793632	0.0215133343607079
Group10.26	1489951	-3.8248973801321	0.000130826568969101	0.00492048384230096
Group10.26	1498648	3.29157906977697	0.000996266058384958	0.0233113778337758
Group10.26	1583029	3.82080807744058	0.000133015134638299	0.00496944543008684
Group10.26	1583116	-3.61320895750142	0.00030243078548329	0.00967008752277866
Group10.26	1583181	3.12136860128308	0.00180012561582413	0.0347593276311223
Group10.26	1626147	3.49799101702153	0.000468776921558438	0.0134031932061912
Group10.26	1626240	4.92045545074415	8.63430522029778e-07	6.36666400717747e-05
Group10.26	1645584	-4.58528042549612	4.53377515927741e-06	0.000269085092740284
Group10.26	1645708	6.18748460270349	6.11318158471865e-10	9.65021678894742e-08
Group10.26	1686970	3.14588382192407	0.00165585766729198	0.0330878468134209
Group10.26	1772180	5.32348168861665	1.01799704998745e-07	8.98402435925934e-06
Group10.26	1941886	4.0124536508963	6.00908799839204e-05	0.00254150408626332
Group10.26	1941992	5.36715407750388	7.99887221190773e-08	7.22994836702112e-06
Group10.26	2343958	-3.47576679280025	0.000509395037508231	0.014344973820081
Group10.26	2348310	3.13294728779622	0.00173060519043718	0.0339695673807705
Group10.26	2361206	3.13641022564503	0.0017102978950411	0.0337482725486279
Group10.27	380578	4.81595479167259	1.46497691162302e-06	9.89124170209083e-05
Group10.27	461238	-3.36717069997352	0.000759436645187953	0.0192204042794915
Group11.1	517939	3.13954563162231	0.00169210059062876	0.0335071791868677
Group11.1	536761	-4.10899561421037	3.97383621883595e-05	0.00176042515180685
Group11.1	582479	2.98996567537411	0.00279008798005559	0.0469707303984657
Group11.3	121395	-4.10704187812584	4.00758590465299e-05	0.00176838672517129
Group11.3	121626	-3.41440786389184	0.000639208087676955	0.0168987761900781
Group11.3	125984	3.08373119651397	0.00204422205553065	0.0378704806584919
Group11.3	126260	-5.12504425678054	2.97467864809779e-07	2.43359111590365e-05
Group11.3	126294	4.90934574735833	9.13807447593439e-07	6.56535504655593e-05
Group11.3	394625	4.83536568286285	1.32901089031324e-06	9.19354435018028e-05
Group11.3	394627	5.09388699358982	3.50795910863504e-07	2.80837183497011e-05
Group11.3	394779	4.17135898991293	3.02788405162617e-05	0.00140233572110025
Group11.3	394795	4.03722066557041	5.4088188223129e-05	0.00230502058404878
Group11.3	402780	-3.51757314331658	0.000435512307212659	0.0126129765871821
Group11.3	523488	3.10063396327824	0.00193106840760494	0.0364367251051114
Group11.3	523537	5.63793742820526	1.7209901567455e-08	1.76961997034895e-06
Group11.6	13088	-3.07910231372715	0.00207625364034346	0.0381380443064721
Group11.6	53020	3.79446201669408	0.000147963929820329	0.00534961201750404
Group11.6	1164869	5.75546546052444	8.64033876079848e-09	1.03022251947904e-06
Group11.6	1173393	-3.71807267290524	0.00020074852536102	0.00692304452998865
Group11.6	1291661	3.26767204677857	0.00108435936933399	0.0244548418570438
Group11.6	1292088	-4.91591326893286	8.83695170477521e-07	6.40346387601121e-05
Group11.6	1398920	-3.96446119727208	7.3561910818738e-05	0.00301770428506966
Group11.6	1405923	3.1019187282213	0.00192270736769403	0.0364015273262071
Group11.8	434446	-3.57738001172258	0.000347055444589307	0.0106531479294306
Group11.16	738575	3.36707763067685	0.000759692995700814	0.0192204042794915
Group11.16	739159	-4.43346827885337	9.2729156129443e-06	0.000499166343120195
Group11.16	739180	-3.47707502656957	0.000506915947635544	0.0143111182395445
Group11.16	739654	-3.15969861996285	0.00157932412436817	0.0318938104250782
Group11.16	1361137	-3.33319534358817	0.000858546401667998	0.0210100176198579
Group11.16	1361447	-3.54145587501787	0.00039792540885491	0.0117958065592356
Group11.18	1757158	3.11818310585801	0.00181969712229149	0.0349831309547907
Group11.18	1759720	-3.1873901266913	0.00143562990846842	0.0297580937704351
Group11.18	1771065	-3.41351361683047	0.000641309536717361	0.0169124642059487
Group11.18	2646544	-3.15761325303697	0.00159066435588211	0.0319959166424113
Group11.18	2851348	-3.01158526747227	0.00259887401428205	0.0445385014557694
Group11.18	3036282	2.9890749034991	0.00279823523856494	0.0469707303984657
Group11.18	3308265	-3.14580420116655	0.0016563084887982	0.0330878468134209
Group11.18	3310967	-4.88810568523405	1.01810874003123e-06	7.22212832801899e-05
Group11.18	3532174	-3.63778900650568	0.000274988549599879	0.00895951065091698
Group11.18	3537305	3.22413152349141	0.00126355351998395	0.0274988501980197
Group11.18	3538590	-5.12901332284443	2.91264731629937e-07	2.40036405302083e-05
Group11.18	3790576	3.73810991552569	0.00018540889014696	0.00647371601485088
Group11.20	29732	-3.9216035763552	8.79616228079605e-05	0.00350844793036164
Group11.20	460569	2.98594645953801	0.00282702134530933	0.0470664159256545
Group11.20	556282	3.21182645253309	0.00131894024889124	0.0281810443212299
Group11.20	563489	3.5034619408415	0.000459252277860389	0.0131982039237416
Group11.20	563574	4.65792874922892	3.1940671336927e-06	0.000202254827313152
Group11.20	584849	-3.26606916076158	0.00109051611881085	0.0244939973138919
Group11.20	584916	3.94561753397384	7.95945769021695e-05	0.00319798788153589
Group11.20	585672	5.73103501000922	9.98196591218498e-09	1.1533801437502e-06
Group11.20	585838	6.82376550129835	8.86846046592957e-12	2.02852458983956e-09
Group11.20	586037	-4.6542482722063	3.25164816158323e-06	0.000203974347230622
Group11.20	590132	-3.0672978411496	0.00216003512940434	0.0389223050327393
Group11.20	623827	-3.43496116791765	0.000592638744902976	0.0160191848858598
Group11.20	709010	4.00685278981583	6.15331878419425e-05	0.00257337301989736
Group11.20	719057	-4.28830278433063	1.80043556181021e-05	0.00089526528423499
Group11.20	719077	-5.04199312244449	4.60707850448174e-07	3.58584276932162e-05
Group11.20	721223	-3.14294553870326	0.00167256956251685	0.0332378717317179
Group11.20	906787	3.74117281616865	0.000183163514981196	0.0064153021122164
Group11.20	909439	4.55094273060169	5.34060843584929e-06	0.000303845377406085
Group11.20	923460	-5.67853063460648	1.35856704594225e-08	1.43649240103026e-06
Group11.20	938678	3.08075519725704	0.00206476331186797	0.0380915500703501
Group11.20	955730	-4.24608589843373	2.17537260634327e-05	0.00105093000740929
Group12.5	166140	3.21744121106663	0.00129339530429062	0.027877643404787
Group12.5	166158	3.30751452052343	0.000941278318878851	0.0224464838255195
Group12.5	166170	3.24354522510747	0.00118052067839596	0.0259935642352751
Group12.5	465983	3.19088590015831	0.00141837282630445	0.0295089331523437
Group12.10	121295	-4.80531023776178	1.54511726652907e-06	0.000103698648642262
Group12.16	541053	3.0338553948956	0.00241450133017118	0.0422839545446228
Group12.17	129089	-3.19707650799314	0.00138828098952757	0.0291047481076306
Group12.17	1494020	4.72302018995781	2.32367770932164e-06	0.000149676895207338
Group12.17	2693699	4.48183332203107	7.40045341840652e-06	0.000410615256997526
Group12.17	2693750	-4.2924435741549	1.76717467659837e-05	0.000884218472112255
Group13.5	644480	-3.10079033521553	0.00193004898323702	0.0364367251051114
Group13.7	645086	-3.45934132952332	0.000541498215657448	0.0149581979490179
Group13.9	235030	-2.9843644431912	0.00284168084281362	0.0471845316833408
Group13.10	1109039	-4.38051127933643	1.18401163075269e-05	0.00063192392178458
Group13.12	322518	3.08089100026695	0.00206382185001584	0.0380915500703501
Group13.12	322672	6.29346418244389	3.10458169278225e-10	5.43689868948491e-08
Group13.12	642027	4.4724632347725	7.73236975225061e-06	0.000424825491094239
Group13.12	1313914	3.15430002657253	0.0016088359451603	0.0322573046035003
Group14.8	286987	-4.03769981492133	5.39778628625946e-05	0.00230502058404878
Group14.13	3666	-7.00054796017518	2.54963333731691e-12	6.969826937719e-10
Group14.13	6156	-3.09047781110191	0.00199834735254572	0.037329128545554
Group14.14	133276	3.42981981118405	0.000603982195812417	0.0161561633667436
Group14.14	800108	5.17105717542809	2.32773326141249e-07	1.96159657097076e-05
Group14.14	800242	4.67835904499646	2.89179856193965e-06	0.000185207304469826
Group14.14	968793	-3.98197169571088	6.83459204902759e-05	0.00283711509946301
Group14.14	984808	-4.64810617883601	3.34996472098368e-06	0.000208591136626584
Group14.14	984827	-4.12972438200011	3.63198381430265e-05	0.00164142236252839
Group14.14	1010284	3.31906856956894	0.00090318248470938	0.0217696113733822
Group14.14	1121931	-2.9639965034307	0.00303671737353082	0.0492554679052582
Group14.15	44722	-4.23656917650824	2.26961018586557e-05	0.00108245918992261
Group14.15	222150	6.04570448413688	1.48758543317461e-09	2.13754583782321e-07
Group14.15	222166	7.40808687267468	1.28134362518449e-13	4.48790604720868e-11
Group14.15	222176	7.6130894826273	2.67620366690243e-14	1.07124609638009e-11
Group14.15	222452	-3.05343906778973	0.00226234660305654	0.0401844385531817
Group14.15	226371	3.46101882178525	0.000538135186469331	0.0149514566313258
Group14.15	226561	4.6275393597246	3.70035922682515e-06	0.000225400142468784
Group14.15	227284	3.40943261121007	0.000650981587254254	0.0170779322169953
Group14.15	227301	3.53732484940613	0.000404202180399901	0.0119218369419002
Group14.15	228362	2.95976206142323	0.00307876726702446	0.0498653519202458
Group14.15	678583	-6.51334849621519	7.3493729364493e-11	1.39613172663939e-08
Group14.15	683415	3.00970002462283	0.00261505824239318	0.0446792267999128
Group14.15	684040	3.59033864024731	0.000330248623462291	0.0103084922623069
Group14.15	684042	3.89072177159526	9.99464824572622e-05	0.00393052693116138
Group14.15	684980	5.83066200824687	5.52079086128694e-09	7.03147999696637e-07
Group14.15	701465	3.37045858958036	0.000750431839191788	0.0191155455765035
Group14.15	1383679	4.55395614804439	5.2646334982579e-06	0.00030105108290038
Group14.15	1387086	4.77981433855414	1.7545714702422e-06	0.000116478464893385
Group14.15	1395232	-5.96038175290445	2.51649345971634e-09	3.43961691420741e-07
Group15.3	275300	-3.21103941500987	0.00132255793299134	0.0281810443212299
Group15.13	421336	-3.12241766993909	0.00179372266642003	0.0347220097499754
Group15.13	421708	-3.29362431455873	0.000989045948516918	0.0232394695827623
Group15.14	1160331	3.41865147263231	0.000629322790963562	0.0167540376273625
Group15.14	1252926	3.02812006348334	0.0024608029699308	0.0429605602601003
Group15.19	172609	-3.74816515446799	0.000178132948633191	0.00627834618956229
Group15.19	172626	-3.84518902150081	0.000120459545471842	0.00457133655810656
Group15.19	1329647	3.31293946663431	0.000923209590535617	0.0221870836873982
Group15.19	1371686	3.23774205400291	0.00120479687168717	0.0264253685672599
Group15.19	1691643	4.81599594648313	1.46467496488067e-06	9.89124170209083e-05
Group15.19	2311148	-3.20206143911113	0.00136447892628636	0.0289641662988968
Group16.2	951434	3.54709098817409	0.000389510042411718	0.0116107142429536
Group16.2	951440	3.6733656311022	0.000239376578577904	0.00798491872827722
Group16.2	951450	4.36905896650893	1.24783072968802e-05	0.000656605014945697
Group16.2	1146685	2.9642702151921	0.00303401740269128	0.0492554679052582
Group16.4	1441874	-7.4463333545618	9.59701271050372e-14	3.46978446642986e-11
Group16.4	1442171	3.15719561590657	0.0015929444581072	0.0319959166424113
Group16.4	1442297	3.18723579645396	0.00143639621072496	0.0297580937704351
Group16.4	1442375	3.80586300203893	0.000141310589992877	0.00517584670797438
Group16.4	1442383	3.46371426730294	0.000532772099632657	0.0148540042106538
Group16.4	1445022	3.28981394804464	0.00100253647691472	0.0233345270029971
Group16.4	1445401	-3.25010245068228	0.00115363439927471	0.0256038303902396
Group16.4	1451274	4.90800247895935	9.20086919684135e-07	6.56836572982152e-05
Group16.5	380448	-4.77961380715924	1.75632232039454e-06	0.000116478464893385
Group16.5	380532	-3.12534407881434	0.00177597192607764	0.0345574537282607
Group16.5	380643	-3.12615965905431	0.0017710537077905	0.0345216868815929
Group16.5	380787	-3.031587710646	0.00243271231239265	0.0425364112282322
Group16.5	441049	-4.155955948813	3.23930238622415e-05	0.00148795496495083
Group16.5	499669	-2.99213974943486	0.00277029415185984	0.0467673106375468
Group16.5	514926	-3.36256133945624	0.000772229675680701	0.019430048742854
Group16.5	515867	-3.52517200982279	0.000423207893519935	0.0123523803921131
Group16.5	678696	5.11184716511564	3.19023888225683e-07	2.59102879654599e-05
Group16.6	147230	-3.00026684170503	0.00269743180576489	0.0458072964833529
GroupUn2	168212	-3.1984390112975	0.00138173756296147	0.0291047481076306
GroupUn6	19501	3.07956631709578	0.00207302212678121	0.0381380443064721
GroupUn6	19829	-8.67727830005451	4.05352354158059e-18	2.52399399189085e-15
GroupUn10	38593	-3.70532964603282	0.0002111159830629	0.00725488957175354
GroupUn10	43472	-3.13412430964262	0.00172367817862919	0.0339217106096258
GroupUn10	43782	-4.63548177431164	3.56107101888046e-06	0.000219299362525342
GroupUn10	57357	-5.48792301112074	4.06687234630493e-08	3.83037859305762e-06
GroupUn25	48874	4.10590562341632	4.02733897903385e-05	0.00177013393243182
GroupUn25	48994	3.33032526006012	0.000867445902348983	0.0211649959011764
GroupUn27	31020	3.84980524117799	0.000118211783116257	0.00450652267063608
GroupUn41	26783	-3.75900358977863	0.000170591390456438	0.00605059589948024
GroupUn44	13967	-3.35551365642587	0.000792177451837128	0.0196867513973182
GroupUn44	14107	-4.2592797177926	2.0508669698759e-05	0.000999396391233436
GroupUn44	14143	-4.08336702618255	4.43878331679553e-05	0.00193579312897449
GroupUn54	35082	3.69095321408816	0.00022341523280904	0.00753130296558889
GroupUn54	35561	4.58847495320852	4.46495866120433e-06	0.000267610998260846
GroupUn54	45526	-5.5050209669567	3.69124335571912e-08	3.53602184024785e-06
GroupUn54	45534	-7.74653178903292	9.44363795502591e-15	4.23377176799722e-12
GroupUn64	47602	-4.01076100868385	6.05233508966097e-05	0.00255017186785414
GroupUn64	51193	4.628833415877	3.67731425509214e-06	0.000225220427164332
GroupUn106	12069	3.63875771052335	0.000273956391632939	0.00895190448227983
GroupUn106	33903	3.07504739857106	0.0021046910254613	0.0382944432035231
GroupUn107	46264	-3.00101256874851	0.00269083458045982	0.0457646039116748
GroupUn120	22606	-3.07558170451049	0.00210092357859711	0.0382880511689698
GroupUn128	27928	2.98558464023853	0.00283036798125367	0.0470664159256545
GroupUn162	27533	3.1672003516344	0.00153914238668608	0.0313649233999593
GroupUn162	28645	-3.49066680008548	0.000481816744376884	0.0137409721907789
GroupUn162	29895	-3.22541741815718	0.00125789119776497	0.027476690498836
GroupUn162	29939	-6.87767715058192	6.08363480622639e-12	1.5136386167012e-09
GroupUn162	38842	6.84581592249083	7.60412066082906e-12	1.81334009290579e-09
GroupUn162	38864	3.19379804665377	0.00140414308868963	0.0293612607052861
GroupUn165	40277	3.04253038371471	0.00234598132458166	0.0413423878709296
GroupUn165	40703	3.02650977100817	0.00247394825084633	0.0429891658844739
GroupUn171	33082	-3.55474941779816	0.000378339478399969	0.0113078103304183
GroupUn187	20801	-4.86311370491825	1.15553421667006e-06	8.09451718777376e-05
GroupUn188	21655	-3.0768787208122	0.00209180389752831	0.0381872185540157
GroupUn234	15820	-3.05483364594676	0.00225185387835798	0.0400615528073591
GroupUn245	11417	4.31476351212398	1.59773848611729e-05	0.00081022472408205
GroupUn267	14600	3.52316041421441	0.000426433175393097	0.0124141896878074
GroupUn2196	743	-3.44714659930031	0.000566541071464776	0.0154496163722073
GroupUn3116	476	3.67061879312258	0.000241963982102001	0.00804727688842501
GroupUn3116	801	3.81880480439288	0.000134099817816441	0.00499332477769657
GroupUn3116	838	2.96662033219462	0.0030109251310746	0.0490505165122967
GroupUn5179	264	3.17003965562691	0.00152418134579643	0.031230392182242
GroupUn5289	535	3.05208968396719	0.002272541909387	0.040301660950015
