chr	pos	stat	pvals	fdrs
Group1.1	344152	4.43307553578115	9.28983008824423e-06	0.000378619693196514
Group1.1	1134367	-3.36497158599715	0.000765515419482555	0.0143284832229104
Group1.1	1136644	-2.88181104273791	0.00395396769031181	0.0491347238555303
Group1.1	1136678	-4.40143867508465	1.07535462900539e-05	0.000428917248465922
Group1.1	1142052	3.14690946524424	0.00165006044758243	0.0255087965469019
Group1.1	1142140	-3.08576023594604	0.00203032468273008	0.0299026005834937
Group1.1	1252572	2.9373361846637	0.00331045018001474	0.0429936565673293
Group1.1	1252617	3.00132594402643	0.00268806664513903	0.0367412816569734
Group1.1	1252771	3.52734102976273	0.000419755737148243	0.00889342590162099
Group1.1	1252918	3.39134642342026	0.000695501296298983	0.0133708036516621
Group1.1	1252940	3.52302664459758	0.000426648466041738	0.0089884887357064
Group1.1	1253046	4.54247700704387	5.55970621780038e-06	0.000236956902994221
Group1.1	1263998	3.81438711301546	0.000136521324272227	0.00352369273227649
Group1.1	1345777	-2.95736214726024	0.00310283456276305	0.0410101058719909
Group1.2	752873	-5.62127716717602	1.89550878125221e-08	1.57369351261295e-06
Group1.2	752891	-3.98454556971671	6.76093825119086e-05	0.00193802035599353
Group1.2	753072	-5.36777399843846	7.97143524110712e-08	5.83946707074043e-06
Group1.2	753137	-3.35683976631592	0.000788387878711063	0.0145572509795611
Group1.2	762763	-5.38262501001419	7.34073617775867e-08	5.41282704475784e-06
Group1.2	780645	2.8954300045071	0.00378639462172954	0.0475228565737342
Group1.2	783562	-4.78484237901874	1.7112156777289e-06	8.67841869501606e-05
Group1.2	783565	-3.06341978898881	0.00218822858450676	0.0316869069446406
Group1.2	838507	4.34486690322746	1.39360133637631e-05	0.00051073827735808
Group1.3	275347	3.43303808715011	0.000596858247845329	0.0118190587311845
Group1.3	281558	3.00163770755046	0.00268531552797912	0.0367412816569734
Group1.7	54519	-3.45123721094402	0.00055802288357158	0.0112312188225919
Group1.7	451083	5.96974283485927	2.37627837822473e-09	2.48909608066755e-07
Group1.8	61814	3.31684261652861	0.000910408852217772	0.0162409456202713
Group1.8	268025	2.91144805133333	0.00359757724738987	0.0456643862620391
Group1.9	177982	-2.92706470042835	0.00342177688238429	0.044031314922805
Group1.10	208921	3.3249455880213	0.000884357924324438	0.0159355042055117
Group1.10	323077	4.10563443862885	4.03206699458483e-05	0.00125881356198626
Group1.10	338775	-2.92172301828418	0.00348100958475511	0.0445887490582117
Group1.10	786691	-3.58091161872177	0.000342397470129026	0.00761426755001215
Group1.10	976912	5.78912133653991	7.07555735174608e-09	6.55395428085703e-07
Group1.10	1382574	3.46552674878253	0.000529193882425115	0.010808611147998
Group1.10	1382777	-3.31652262561204	0.000911452069517365	0.0162409456202713
Group1.15	1107488	-3.26836982223411	0.00108168924301005	0.0184430033610242
Group1.18	17704	-3.05640194616492	0.00224010735758648	0.0321886195690119
Group1.21	111732	-3.43936662067073	0.000583077022400324	0.011628340332852
Group1.21	130121	-3.33536273745328	0.000851881981131463	0.0154998266956517
Group1.21	130211	-4.22219302024368	2.41936783495708e-05	0.000804637231281868
Group1.21	369650	3.78963573114623	0.00015086835853414	0.00377440304118446
Group1.21	503178	3.04388202927054	0.00233546703412225	0.0333876460694416
Group1.21	503343	3.94856466581203	7.8621179094294e-05	0.00223085107668063
Group1.21	523244	4.00331243117923	6.24617262389327e-05	0.00181365551213979
Group1.21	568836	3.33237052023095	0.000861095289575146	0.0156167572905473
Group1.21	568846	3.30067229760921	0.00096453469437718	0.0169235992224225
Group1.21	600125	4.5342866426728	5.77984926995537e-06	0.000245366415189632
Group1.21	600151	-3.57932742944761	0.00034447963891531	0.00764540157022336
Group1.21	600180	-3.64788665756263	0.000264406224690883	0.00609766453978482
Group1.21	600248	-3.35825336401268	0.000784366827652782	0.0145308816600535
Group1.21	600332	4.66857967755152	3.0328915440836e-06	0.000138745503779955
Group1.21	608175	-4.12685198959918	3.67762923216721e-05	0.00116437481452345
Group1.21	608217	-3.04161525909707	0.00235312455890431	0.0334693147921313
Group1.21	608231	-3.32669993966771	0.000878809488554782	0.015866866385933
Group1.21	608316	-3.01724698278328	0.00255081886262497	0.0353394039707054
Group1.22	203679	3.25430612279563	0.00113669718765643	0.0192158402402009
Group1.22	640245	-3.56342919229235	0.00036604146474376	0.00802855721496685
Group1.22	640258	-4.26273345809591	2.01941341977485e-05	0.000696418018733432
Group1.29	172249	-3.34142826126832	0.000833485523460059	0.0152145044738442
Group1.29	172751	-2.98384905080995	0.0028464716107149	0.0385304997740249
Group1.29	173304	2.89135207948848	0.00383588119859536	0.0480560297907945
Group1.29	173476	5.29625052360213	1.18204642119493e-07	8.26068951866828e-06
Group1.29	220999	6.70016805067177	2.08179989748779e-11	3.53527473500654e-09
Group1.29	221015	6.15178693981649	7.66147584057835e-10	9.03892854960022e-08
Group1.29	397985	-5.67747220181957	1.36699732696975e-08	1.18275260223138e-06
Group1.29	398029	3.14792857463922	0.0016443186623854	0.025465954712431
Group1.29	398112	-2.87441156640752	0.00404781109009331	0.0497005078688102
Group1.29	532788	-3.30621414788197	0.000945657841091681	0.016664989124144
Group1.29	532797	-2.98346435462992	0.00285005231287832	0.0385324322349098
Group1.29	546698	4.34871985582615	1.36934498241674e-05	0.000504855873780488
Group1.29	546739	5.07066343600812	3.96431304859131e-07	2.32628380359222e-05
Group1.29	590277	-3.21651181317806	0.00129759191400677	0.0212312557258217
Group1.29	647450	2.96859777147605	0.0029916191263823	0.0401557690640633
Group1.29	654155	-3.009097576485	0.00262024946781895	0.0359019022436611
Group1.29	654272	2.90376434502192	0.00368705565897236	0.0464842742696988
Group1.29	654421	3.80734683470331	0.000140465681508344	0.00356185375191295
Group1.29	654580	-3.57165357208153	0.000354734440928128	0.00782650317701272
Group1.34	228252	2.87938292399334	0.00398454208877199	0.0493466825756425
Group1.37	1908298	-3.22664593003751	0.00125250344742965	0.0206508000944622
Group1.41	155585	5.12558972354236	2.9660787179608e-07	1.79696271734619e-05
Group1.41	155689	-6.8612480052266	6.82615348945753e-12	1.40637025547553e-09
Group1.41	155745	3.45731505211049	0.000545586597222799	0.0110377880535616
Group1.41	497351	-5.17228252587931	2.31251572806652e-07	1.43197106520274e-05
Group1.41	722245	5.2588360402744	1.44970072934883e-07	9.72948848774953e-06
Group1.41	1032049	-6.36307356362665	1.97755915842958e-10	2.55139370452237e-08
Group1.41	1032140	-2.91109437164676	0.00360165216413656	0.0456643862620391
Group1.42	117672	3.22471322522788	0.00126098913983579	0.0207231177115536
Group1.42	164402	2.98497469159614	0.00283601787189211	0.0384354151247482
Group1.42	164543	-10.0962817544051	5.73765481060756e-24	5.35896959310746e-21
Group1.42	164759	3.21938753056202	0.00128464743620646	0.021081008001467
Group1.42	213102	2.94189669973056	0.00326208724547387	0.0426621631823467
Group1.43	255404	-5.94382074352613	2.7845409972716e-09	2.87398726307247e-07
Group2.7	157789	-4.35801733941028	1.31245988048446e-05	0.000487087759618207
Group2.7	157822	-3.40816880397065	0.000654004232280881	0.0127258323531321
Group2.7	220081	-3.8334513616024	0.000126357794324593	0.00330892093175242
Group2.7	289888	-3.07974818408891	0.00207175678802046	0.0303532680786057
Group2.7	289926	-3.82708487768593	0.000129669811498223	0.0033877371731284
Group2.7	300883	2.89792973716083	0.00375634733090884	0.0471985884359038
Group2.11	190601	3.51066485670001	0.000446987550655366	0.00936418031354269
Group2.11	190733	3.50265476260992	0.00046064609279697	0.00961437878597475
Group2.11	1014710	3.82107156874565	0.000132873082555668	0.00345531672687686
Group2.15	1064601	-6.29614973154514	3.05129646793601e-10	3.8862421377985e-08
Group2.15	1075957	2.93905861580273	0.00329210806772188	0.0428050431821657
Group2.18	1217825	-3.3460344906369	0.000819761981255423	0.0149884050341122
Group2.18	1217964	6.14316558165848	8.08928788910991e-10	9.44424361053582e-08
Group2.18	1223058	-3.16911062789741	0.00152906182918584	0.024294324778529
Group2.19	3251	3.59383566489085	0.000325845397520759	0.00731270869629571
Group2.19	3340	3.55639045098975	0.000375985157097072	0.00821450612230796
Group2.19	3805	-2.91736168208147	0.00353006176335553	0.0450625651978232
Group2.19	20294	-3.2843546153825	0.00102216220031575	0.0176252214479061
Group2.19	21153	4.54915853110445	5.38608564491336e-06	0.000231292137579268
Group2.19	25789	-3.68340732809066	0.000230136973461267	0.0054302635759029
Group2.19	25865	-3.19369004504068	0.00140466846226342	0.0227507574061393
Group2.19	41991	2.95473831732993	0.00312934357379114	0.0413117582745008
Group2.19	79482	3.13392829274388	0.00172483000531744	0.0262661612766275
Group2.19	80170	-4.84296924959345	1.27913090793449e-06	6.69929869912605e-05
Group2.19	80196	-7.40306364609789	1.33077925790123e-13	3.8244548519377e-11
Group2.19	80201	-5.14514634182638	2.67312345010991e-07	1.63717855895256e-05
Group2.19	80214	-4.344022647609	1.39897083466212e-05	0.00051073827735808
Group2.19	176223	3.15938318788925	0.00158103465337602	0.0248681832526446
Group2.19	1023031	-4.12894823529917	3.64426430168662e-05	0.00115707972502276
Group2.19	1035164	3.75293240587184	0.000174777994374174	0.00425850382814293
Group2.19	1104394	-2.96513651658585	0.00302548638429085	0.0403204083571161
Group2.19	1225442	-6.38254110266033	1.74173256215395e-10	2.35196850079776e-08
Group2.19	1233413	4.83885757774004	1.30587579699102e-06	6.80756089891878e-05
Group2.19	1233763	-4.73653436174464	2.17403894061016e-06	0.000105483240027527
Group2.19	1233792	-4.19962801254314	2.67353844685511e-05	0.000878739557546981
Group2.19	1234440	-3.60806579318456	0.000308488269775489	0.00695681393892088
Group2.19	1332907	-2.88050094378676	0.00397043763505704	0.0492263993514594
Group2.19	1651784	3.36422701721813	0.000767583766790139	0.0143384647636398
Group2.19	1652210	4.77047037049042	1.83796221028499e-06	9.1149913508293e-05
Group2.19	1652357	5.90063088586349	3.62114218427889e-09	3.56015452643841e-07
Group2.19	1652477	7.10509903638291	1.20236288107097e-12	2.75022105531498e-10
Group2.19	2725229	3.08331968375787	0.00204705122771948	0.0300699215731061
Group2.19	2725622	5.79142422621587	6.97920450448192e-09	6.55395428085703e-07
Group3.1	30214	-5.94320595307574	2.7950090263642e-09	2.87398726307247e-07
Group3.1	30222	-5.62217732950399	1.88565552849643e-08	1.57369351261295e-06
Group3.3	628012	-4.13884681528505	3.49055906320754e-05	0.00111968962604119
Group3.4	455804	-4.09716103518111	4.18247956635638e-05	0.00129138377354607
Group3.5	114304	3.68410962633018	0.000229503458205054	0.00542673999907647
Group3.7	11062	3.31452992171696	0.000917973545980524	0.0163053050766239
Group3.7	11076	4.95372935681767	7.28044514438729e-07	3.90952848194713e-05
Group3.7	34983	4.73432151652037	2.19789083902838e-06	0.000105500396213582
Group3.7	79744	5.2812837699787	1.28281820223298e-07	8.76696732355318e-06
Group3.7	80356	3.35379389995947	0.00079711711377707	0.0146700962417297
Group3.7	121604	3.44452664430688	0.000572060250721049	0.011449377303717
Group3.7	140684	3.64474100423583	0.000267661211824095	0.00616005515836645
Group3.8	955175	4.72439594306065	2.30800355350483e-06	0.000110077037564605
Group3.8	955207	5.45161707796067	4.99138434868377e-08	3.85816798483088e-06
Group3.8	955234	7.11063985485979	1.15506188699099e-12	2.69706950612395e-10
Group3.8	955325	4.09789996113886	4.1691538087515e-05	0.00129082530078693
Group3.8	955372	4.91978179601606	8.6640746950362e-07	4.60222507971402e-05
Group3.8	955503	2.91372002918291	0.00357150051619654	0.0455396789368952
Group3.8	955525	3.36487947776773	0.000765771007362893	0.0143284832229104
Group3.8	955558	4.02452896529128	5.70894675250635e-05	0.00169974059085004
Group3.8	955581	3.62594424339638	0.00028790747646389	0.00654890132135341
Group3.8	994140	3.7710501664142	0.000162561985533847	0.00402206343016194
Group3.8	994171	4.44354937019246	8.84868397476825e-06	0.000363282234392683
Group3.8	994203	3.76585933452232	0.000165977223304266	0.00407910296345076
Group3.8	994362	4.64519360514695	3.39757677637674e-06	0.00015138060159782
Group3.8	1129712	-3.30645168193132	0.000944856444250558	0.016664989124144
Group3.8	1129724	-4.11748754268312	3.83025226297488e-05	0.00120250608861127
Group3.8	1130154	3.22655450938784	0.00125290364598807	0.0206508000944622
Group3.8	1132747	3.99680531673055	6.42030593965717e-05	0.00185460796318757
Group3.9	423421	-3.06301373995877	0.0021911999872571	0.0316889928479711
Group3.9	973851	4.39646976065315	1.10025680719781e-05	0.000435748349649224
Group3.9	998479	-3.29535806485432	0.000982963447735901	0.0171072272084223
Group3.9	1100967	5.07759688117269	3.82238613097057e-07	2.2548054608378e-05
Group3.9	1100978	6.7128407556464	1.90871387030042e-11	3.34263516536362e-09
Group3.9	1107511	2.94042429118194	0.00327763088646981	0.0427159150878531
Group3.12	243984	5.85314921017322	4.82351010545579e-09	4.70103489234335e-07
Group3.14	60948	-11.8034009469419	3.74849232225432e-32	7.00218365797108e-29
Group3.14	60953	-12.1467724623656	5.96751880377731e-34	1.33767901505472e-30
Group3.14	64257	2.94918526253457	0.00318612917666377	0.0419625567709137
Group3.14	112967	3.28999422763793	0.00100189438052775	0.0173558457758193
Group3.14	113018	5.9132426449727	3.35437461504897e-09	3.35677059691687e-07
Group3.14	113036	7.54912271620663	4.38199841670297e-14	1.40324109298306e-11
Group3.14	113129	3.36758822844197	0.000758287590924604	0.0142598780521526
Group3.14	159648	-3.03644654533385	0.00239384550273798	0.033876540902383
Group3.14	553717	3.01480712850566	0.00257142717792305	0.0355809330989649
Group3.14	582736	4.13350823745506	3.57267484869271e-05	0.00114081309698427
Group3.14	582754	3.77384593807441	0.000160750052524215	0.00398603227586593
Group3.15	347324	-4.30395811946847	1.67773392329959e-05	0.000598854834787955
Group3.15	347526	-3.15104566259247	0.00162687053726818	0.025289826604302
Group3.15	347548	-3.01367635987472	0.00258102979157432	0.0356697680690074
Group3.15	347601	-3.30546572726009	0.000948186995905652	0.0166833278651657
Group3.15	347631	-5.67686482352059	1.37185794334475e-08	1.18275260223138e-06
Group3.15	377292	3.09235608435414	0.00198574493475459	0.0294005670128526
Group3.15	377419	-3.23237786765709	0.00122764601225657	0.0204146238952101
Group3.15	379249	9.72520219862968	2.35437171960988e-22	1.7591865488925e-19
Group3.15	379405	3.79106415948345	0.000150003194812388	0.00376115393167169
Group3.15	465944	5.42422594072622	5.8206219279403e-08	4.40794125461857e-06
Group3.15	474819	5.06607169574471	4.06109012866516e-07	2.37066136260829e-05
Group3.15	474884	4.53350094014616	5.80140078740654e-06	0.000245366415189632
Group3.15	474951	-5.35308987937826	8.64648731668913e-08	6.25224708680334e-06
Group3.15	474986	5.82726735135906	5.63423135227326e-09	5.39730470053664e-07
Group3.15	481540	-6.77661039175672	1.23028066005987e-11	2.33711620982221e-09
Group3.15	482102	-4.30436782702929	1.67463233869176e-05	0.000598854834787955
Group3.15	482369	2.91324672532753	0.00357691866173379	0.0455569367735367
Group3.15	482767	-3.09476767885204	0.00196967111909406	0.0292011559560929
Group3.15	482784	-9.54085086945387	1.4166517297611e-21	9.92364536697651e-19
Group3.15	493899	3.38549618550634	0.000710496969923903	0.0135429422430393
Group3.15	493954	3.12425953997622	0.00178253150258801	0.027034659108263
Group3.15	494004	3.13105789957577	0.00174177816857677	0.0264882628404456
Group3.15	537001	-3.26834890864544	0.0010817691830281	0.0184430033610242
Group3.15	541646	-9.52192080937058	1.70007172165653e-21	1.12084728566626e-18
Group3.15	545942	3.32424370208058	0.000886586839480458	0.0159500245536067
Group3.15	636890	-2.91126736656343	0.00359965848081947	0.0456643862620391
Group3.15	637675	4.40711360078784	1.04757252365311e-05	0.000419328315896574
Group3.15	676999	4.30490608112449	1.670565930359e-05	0.000598854834787955
Group3.15	677007	7.46770784320118	8.16037720093551e-14	2.40688178073908e-11
Group3.15	757369	-6.15876969474813	7.33122500818318e-10	8.74131594592735e-08
Group3.15	757495	-3.42427986860366	0.000616431024037998	0.0121209805568735
Group3.15	766195	-3.25799742638141	0.00112201423908448	0.0189962773287898
Group3.15	766396	-3.9981453056095	6.38407577259781e-05	0.00184890752607949
Group3.15	766729	-2.87435103429233	0.00404858705248249	0.0497005078688102
Group3.15	767348	-4.3710204048051	1.2366723404287e-05	0.000466715988441954
Group3.16	407937	3.02989337617278	0.00244640087731732	0.0343599762317951
Group3.16	410600	-6.76020093098768	1.37800497859461e-11	2.57411330001473e-09
Group3.16	410618	-2.973151457073	0.00294758963678275	0.0396122118094257
Group3.16	411984	-7.03456833550519	1.99878824684915e-12	4.39263111189906e-10
Group3.16	412065	3.20506642347924	0.00135031315125229	0.0220295630265439
Group3.16	509779	-3.66186414423618	0.000250386638493504	0.00582226855650454
Group3.18	170384	-4.53026734359911	5.89090948314195e-06	0.000248215464237049
Group3.18	200099	4.17314726647791	3.00420618867555e-05	0.000975975158338422
Group3.18	200144	4.95346754939166	7.29025207643603e-07	3.90952848194713e-05
Group3.18	201720	4.12411268326752	3.72166673427765e-05	0.00117499833120518
Group3.18	201763	4.06061704589201	4.89431933926092e-05	0.00148258192309288
Group3.18	201808	3.12146182258437	0.00179955579400325	0.027255974782687
Group3.18	259208	4.44608054769056	8.74511696801207e-06	0.000360350260946615
Group3.18	259281	4.01626523113551	5.91277086061808e-05	0.00173879571050429
Group3.18	259285	3.39339468898183	0.000690320959177789	0.013294015997362
Group3.18	326393	-4.49400927522382	6.98945818844683e-06	0.000292305400657135
Group3.18	326408	-8.20447110358626	2.31608215364278e-16	1.03834595112113e-13
Group3.18	328220	3.34940802274171	0.000809844388182021	0.0148555415756859
Group3.18	332462	3.03082703926046	0.00243884909877795	0.0342968892084106
Group3.18	332648	3.26198934863848	0.0011063330043276	0.018787545928036
Group3.18	401094	3.41526788605571	0.000637193109670181	0.0124202789098842
Group3.18	401221	-5.01551984200114	5.28902655919626e-07	2.99390957956928e-05
Group3.19	16511	-6.12167425749186	9.25971760874539e-10	1.0483122723113e-07
Group3.19	52565	4.0979899316164	4.1675340389585e-05	0.00129082530078693
Group3.19	52629	3.87783121461119	0.000105391791705653	0.0028532154624081
Group3.19	52651	4.13205627127818	3.59532370974002e-05	0.00114478375394222
Group3.19	62693	4.42656917853189	9.57436863484151e-06	0.000388802621953999
Group4.1	328794	3.7487662647297	0.000177706605322115	0.00431111608755469
Group4.1	328932	5.2038999396441	1.95149108938559e-07	1.23572384914314e-05
Group4.1	329430	-6.461897205331	1.03398332140189e-10	1.48575449567595e-08
Group4.1	345513	-2.96352300042393	0.00304139331744523	0.0404364606191295
Group4.6	191347	3.74353338102238	0.000181450483625423	0.00439243416948971
Group4.6	191450	4.97000349414045	6.69516951073883e-07	3.68251667696777e-05
Group4.6	519476	3.24105964294815	0.00119086265218624	0.0198914882350274
Group4.6	608334	-3.81524398120552	0.000136048445237815	0.00352154959405411
Group4.6	623680	-6.17072320799316	6.79783349573833e-10	8.19248578712206e-08
Group4.6	922209	-4.29824769691989	1.72153716376221e-05	0.000610600902893888
Group4.7	32436	-3.77499152701672	0.000160013102256747	0.00398539300020804
Group4.7	32448	-3.34862742862167	0.000812129247295576	0.0148731120975307
Group4.7	32568	-4.23979120165136	2.23727791335914e-05	0.00075528345942558
Group4.7	301381	-3.24682220068892	0.0011670127008	0.0196689900008517
Group4.7	357611	3.13796331741736	0.00170126166522883	0.026084460661949
Group4.7	357695	3.08702994424122	0.00202167230333042	0.0298143462838517
Group4.9	394519	-3.29851217315066	0.000971986655446245	0.0169933568549442
Group4.9	394618	-3.56445433930591	0.000364613914278806	0.00801292696320952
Group4.9	1915892	-2.88201960100963	0.00395135152615623	0.0491347238555303
Group4.9	1915923	-3.36215690113484	0.000773361667252607	0.0143984012733675
Group4.13	38436	-3.81381390319292	0.000136838524941902	0.00352369273227649
Group4.13	42086	3.77388981645491	0.00016072176710988	0.00398603227586593
Group4.13	97033	3.06793689228983	0.00215542131414862	0.0312926970064478
Group4.13	104879	2.92423942697258	0.00345299041067905	0.0443820143611134
Group4.13	498410	-5.08520933666806	3.67220813393162e-07	2.18926110452689e-05
Group4.13	964008	-5.18727235461456	2.13396534236502e-07	1.34367885152961e-05
Group4.13	1980860	3.08947650131282	0.00200509567401374	0.0296131638087379
Group4.13	1980893	-4.38714201572288	1.1484980451838e-05	0.000448514497924045
Group4.13	2290340	-3.64270466116024	0.000269788320430884	0.00619628585120768
Group4.13	2290580	-3.27777182013939	0.00104629937337541	0.0179860787987601
Group4.13	2290614	-3.23323188825104	0.00122398166376981	0.0203839323737475
Group4.13	2290782	-3.03997453557931	0.00236598151970691	0.0336095321582701
Group4.13	2290822	-3.03840656356173	0.00237832845956544	0.0336995011059537
Group4.13	2290856	-3.24204568309133	0.00118674997472883	0.0198523786817324
Group4.13	2290893	-3.13421999204872	0.00172311619044141	0.0262661612766275
Group4.13	2290923	-3.96407915894666	7.36798024620057e-05	0.00210128047326758
Group4.16	7937	2.9913516275069	0.00277745472861186	0.0377329849676142
Group4.16	240967	6.50627685821298	7.7036192514619e-11	1.15122886093847e-08
Group4.16	241019	7.17227077733359	7.37638586663666e-13	1.79727245202747e-10
Group4.16	241031	6.23389245736227	4.5498549063954e-10	5.60382129570105e-08
Group4.16	245104	3.38871815643988	0.000702201461406895	0.013453459793929
Group4.16	250444	3.46136760867959	0.000537438388254798	0.010892602993779
Group4.16	534563	-2.9013235825225	0.00371589947234377	0.0467952823438528
Group4.16	534759	-3.49246049093096	0.000478592390754188	0.0099334509547647
Group4.16	583548	4.72237243240862	2.33109304725471e-06	0.000110707164718774
Group4.16	629383	3.54472804526003	0.000393018362473933	0.008438601162084
Group4.16	829544	10.4085170179444	2.26725932725438e-25	2.31013113998792e-22
Group4.16	830035	4.02954794524287	5.58842172361939e-05	0.00167026748475536
Group5.2	727988	7.31870361130496	2.50377905959015e-13	6.68151326187772e-11
Group5.2	728000	4.78362849117252	1.72158751838552e-06	8.68208196221087e-05
Group5.2	728004	6.70277235681437	2.04501924655441e-11	3.52624241775106e-09
Group5.2	730761	-2.93528700654708	0.00333239302594562	0.043128707892377
Group5.2	730879	-3.93617036379597	8.27922092580137e-05	0.00233736796313304
Group5.2	740321	-3.05535994106514	0.00224790566701555	0.0322593171778621
Group5.9	66290	-4.896536868877	9.75403545455797e-07	5.13254598003219e-05
Group5.9	1345969	-3.86975066643654	0.000108946715475789	0.00292123154797283
Group5.14	713374	8.76466286345571	1.87336420814869e-18	1.10508768657529e-15
Group5.14	763071	5.26601419124069	1.3941751179991e-07	9.4132016400807e-06
Group5.14	768194	-8.26348228567683	1.41483205777049e-16	6.60726570978818e-14
Group5.14	768254	-7.4832385032365	7.25131091692456e-14	2.19655926369974e-11
Group5.14	768463	-3.8930170472255	9.90051922478633e-05	0.00271308116067005
Group5.14	1113472	3.88284333960792	0.000103242088208655	0.00280178528969153
Group5.14	1225559	3.7353334360632	0.000187466628296032	0.00449919907910477
Group5.14	1225577	7.49820320647623	6.46985481657389e-14	2.01428146622667e-11
Group5.14	1225585	5.00252181803059	5.65851755858587e-07	3.15525695505624e-05
Group5.14	1226259	6.7261925219358	1.7416010166096e-11	3.09839114193022e-09
Group5.14	1953566	-3.91898500843915	8.8922644722323e-05	0.00247921642300447
Group5.14	2106016	-5.58271258063621	2.36795900397632e-08	1.93723244646472e-06
Group5.14	2263633	-6.5110219617589	7.46412290598338e-11	1.13051202067921e-08
Group5.14	2264472	-3.26474306946429	0.00109563410903213	0.0186340927071807
Group5.14	2264533	-3.1180197587805	0.00182070596882572	0.0275390991883922
Group5.14	2285757	3.29276792047521	0.000992063269246989	0.0172121441512697
Group5.14	2654668	3.90810886696406	9.30213912512748e-05	0.00258065285431755
Group5.16	31663	-3.03595459524701	0.00239775468823898	0.033889072567191
Group5.18	183489	8.31791382582926	8.95250628553462e-17	4.560895020376e-14
Group5.18	194783	4.73410024016701	2.20028971441289e-06	0.000105500396213582
Group5.18	195163	3.48140390573332	0.000498792719566386	0.0102955226535913
Group5.18	470574	-2.96477263578502	0.0030290670803615	0.0403204083571161
Group5.18	483600	-5.20805293023626	1.90832494751185e-07	1.21525602339278e-05
Group5.18	533524	-5.36267202077263	8.19998153705164e-08	5.96788266670616e-06
Group5.18	533545	-5.34462295052431	9.06054580523219e-08	6.50965367852836e-06
Group5.18	585927	3.86981725239364	0.000108916965042876	0.00292123154797283
Group5.18	585977	4.69460200091809	2.67126296320269e-06	0.000124747980381566
Group5.18	602547	3.0179571853329	0.00254484855855344	0.0353003250547858
Group5.18	626715	-4.68393691288737	2.81416656136954e-06	0.000130335449668718
Group5.18	626727	-3.535657415999	0.000406761818946468	0.00868378374619432
Group5.18	626798	-3.87278536924802	0.000107598576965447	0.00289895396785753
Group5.18	626988	-4.74025331641581	2.13451185663993e-06	0.000104015690822697
Group5.18	648431	-3.53852442365127	0.000402370056402542	0.00862287493720782
Group5.20	390824	3.37640079913052	0.000734408501122803	0.0139041393253114
Group5.20	406687	-4.01753504712194	5.88100907799521e-05	0.00173458815121501
Group5.20	411571	-4.44077413642808	8.96358368681104e-06	0.000366656372123278
Group5.20	411871	-6.5979548222537	4.16868245754126e-11	6.58064689917218e-09
Group5.20	411971	-4.40065409959468	1.07925050067851e-05	0.000428944667078184
Group5.20	412413	-3.02691230733207	0.00247065622154471	0.0346138936638413
Group5.20	424636	4.37641762704937	1.2064575509105e-05	0.000461500895242487
Group5.20	424659	4.24728571975685	2.16375946185876e-05	0.000737125107857539
Group5.20	424741	-3.05875256655848	0.00222260639648154	0.0320192448480271
Group5.20	425248	-4.58856218598689	4.46309360207016e-06	0.000195399816765634
Group5.20	425358	-2.88737660170267	0.00388468950724677	0.0485809972242562
Group5.20	468402	-3.45133255769847	0.000557825765963237	0.0112312188225919
Group5.20	675598	-3.0737710268634	0.00211371594822268	0.0308872599057104
Group5.20	675632	-3.47864214626179	0.000503961078891364	0.0103830804636294
Group6.1	173878	-3.29653342539696	0.000978859660505814	0.0170623002720827
Group6.1	176370	6.82623162661173	8.7174141021444e-12	1.68456512511783e-09
Group6.2	451148	4.29615227091691	1.7378822992965e-05	0.000612626930208992
Group6.2	564715	6.4689038828773	9.87163597302468e-11	1.43689994786572e-08
Group6.7	106712	-3.13477143966847	0.00171988055958328	0.0262621543757621
Group6.14	159594	2.9589338579553	0.003087053517353	0.0408496999084916
Group6.14	370833	3.89620901082868	9.77100754336652e-05	0.00268415324867774
Group6.15	239260	-3.79865241921009	0.000145484949830667	0.00365604331323343
Group6.15	239334	-3.22868002829509	0.00124362955083358	0.0205584070881162
Group6.15	254542	4.31800767634687	1.57443955922198e-05	0.000571078271189644
Group6.20	141886	3.53596393966587	0.000406290148579967	0.00868378374619432
Group6.20	230147	-3.19380855417268	0.00140409198456284	0.0227507574061393
Group6.20	770403	-3.464114562696	0.000531979898575419	0.010808611147998
Group6.20	808472	3.52671937100152	0.000420742455282238	0.00889751214868552
Group6.20	808481	5.55351209374107	2.79986284577159e-08	2.27397556343536e-06
Group6.20	877354	-3.03232826441084	0.00242675140657301	0.0342126160564406
Group6.20	877671	-3.62333050550624	0.000290833811127633	0.00659092171603206
Group6.20	877724	-4.98358127177371	6.24180787737755e-07	3.46327637077463e-05
Group6.20	877766	-5.11646840402935	3.11309405019525e-07	1.87589022121443e-05
Group6.20	879336	-4.78003058828489	1.75268526219124e-06	8.76968590117833e-05
Group6.28	42132	3.14278388911657	0.00167349345488331	0.0257644431900166
Group6.31	236297	-4.91020824151441	9.09797260294074e-07	4.80990928932829e-05
Group6.31	236660	-3.2767899903723	0.0010499443206954	0.0180210963956417
Group6.32	74061	2.88150070366906	0.00395786350905588	0.0491347238555303
Group6.32	74116	5.49031305616724	4.01221956290244e-08	3.14468229797276e-06
Group6.32	74126	5.90551934535247	3.51537529699608e-09	3.48675454236567e-07
Group6.32	74174	5.00940482670314	5.45986184134652e-07	3.06739806033425e-05
Group6.32	74194	3.54957366451729	0.000385855492644576	0.00831916025909672
Group6.32	74264	5.06133696870096	4.16326651637231e-07	2.41648602481548e-05
Group6.32	74342	3.30821006759267	0.000938943507622508	0.0165988625133014
Group6.32	122258	3.07530399516035	0.00210288096355435	0.0307690467878814
Group6.32	345248	-3.4189100170677	0.000628725143746602	0.0122979954818707
Group6.32	346313	-5.74040914153827	9.44480841592127e-09	8.60629371753216e-07
Group6.32	346477	-3.06877893359466	0.00214935574837145	0.0312451092448083
Group6.36	15758	5.68076491101369	1.34093683604686e-08	1.17415781706353e-06
Group6.36	31944	3.16204802211666	0.00156663726437675	0.0248006644903031
Group6.36	32173	3.36557906447423	0.00076383173161857	0.0143284832229104
Group6.36	194763	-4.70844633835722	2.49612057680383e-06	0.000118044385758723
Group6.36	194767	-5.24555615800224	1.55811589571384e-07	1.03333508634087e-05
Group6.36	200995	3.82532116723726	0.000130601711941086	0.00340414880798998
Group6.36	201085	3.76222515322965	0.000168408333497155	0.00411224531990439
Group6.36	201101	2.97850969854598	0.00289653862582428	0.0391085586857945
Group6.36	201138	4.78294772025222	1.72743065450841e-06	8.68208196221087e-05
Group6.36	211286	-3.22924429941931	0.00124117818513486	0.0205481906927496
Group6.36	249625	-3.36283505808455	0.000771464431444944	0.0143869772839184
Group6.37	90693	6.26120790056293	3.82006825705391e-10	4.75725833611781e-08
Group6.37	254955	3.63536807861542	0.000277584015546287	0.00634930948212812
Group6.37	1195534	-3.86173573878231	0.00011258430685719	0.00298308489658482
Group6.37	1303622	3.11629003193335	0.00183142050345627	0.0276638288446602
Group7.2	103186	-3.03251626091593	0.00242524030388296	0.0342126160564406
Group7.2	103197	-3.00017757915446	0.00269822247467306	0.0368351735641117
Group7.2	103496	4.05384814321044	5.03819284107923e-05	0.00151795874631226
Group7.2	103500	3.60099993943674	0.000316995650715346	0.007134311753449
Group7.2	103577	3.08367651649931	0.00204459777676488	0.0300699215731061
Group7.5	392349	4.54245509909291	5.56028421551392e-06	0.000236956902994221
Group7.5	757467	3.76817316538459	0.000164446614315693	0.00405080802912152
Group7.5	757620	4.76824350496466	1.85839081073476e-06	9.17570229370713e-05
Group7.5	757644	8.00502521873393	1.19442191925798e-15	4.46236029034782e-13
Group7.5	758023	-5.04969171729118	4.42523623416066e-07	2.54348962628065e-05
Group7.5	758050	-3.8764123560508	0.000106007970043339	0.00286298151384516
Group7.5	758107	-4.65980825543483	3.16504079995759e-06	0.000143434822254642
Group7.5	758155	-3.98974682326444	6.6143858323888e-05	0.00190575929073043
Group7.5	758172	-3.53311406946087	0.000410695227958731	0.00875108767102939
Group7.5	759633	-3.09627591767463	0.00195967916912719	0.0291300850498375
Group7.5	759936	4.96978687441869	6.70265348056233e-07	3.68251667696777e-05
Group7.5	760172	-4.23596861551256	2.27568563683154e-05	0.000765942481009246
Group7.6	169872	-5.80962031793189	6.26146813483278e-09	5.94733346230558e-07
Group7.6	169884	-5.71001678161714	1.12965034088212e-08	1.01970288032351e-06
Group7.6	169925	-3.31957533217394	0.000901544769169933	0.016142741865513
Group7.6	170060	-3.40034037472227	0.000673020184047812	0.0130505367176607
Group7.6	170066	-3.28723031302881	0.00101178048052267	0.0175000549779291
Group7.6	170499	-3.58543073041218	0.000336522320001498	0.00749849336496379
Group7.6	170832	-3.26951142399683	0.00107733386944596	0.0184430033610242
Group7.6	170846	-3.33670608819061	0.000847775489980832	0.0154501913686263
Group7.6	170852	-3.24486459758647	0.00117506483022285	0.0197032005389671
Group7.6	171054	-4.06905291781732	4.7204626203677e-05	0.00144160613212755
Group7.6	182095	3.94186912648484	8.08490903408019e-05	0.00228827425388815
Group7.6	208428	-4.2582349370664	2.06047342169083e-05	0.000707178048869221
Group7.6	208494	-3.15280790507116	0.00161708181444477	0.0252426921675445
Group7.6	209101	7.38392396229976	1.5369124164167e-13	4.30642859079959e-11
Group7.6	209344	5.07954743713221	3.78335049077305e-07	2.24358689421081e-05
Group7.6	209625	-9.35485253184836	8.37164174963926e-21	5.21274226277538e-18
Group7.6	209814	-10.9240374029444	8.84734959085455e-28	1.41658706020425e-24
Group7.6	209827	-10.5584703684096	4.64163677817023e-26	5.78038500108132e-23
Group7.6	209848	-8.02637233362852	1.00397207549094e-15	3.88017897313877e-13
Group7.6	209874	-4.37696707602225	1.20342144118531e-05	0.000461500895242487
Group7.6	211866	4.08922578571242	4.32815398040098e-05	0.00133269092891028
Group7.6	212584	3.0313645305656	0.00243451137168056	0.0342788988113011
Group7.6	216031	-3.15212423015321	0.00162087296748924	0.0252666818075374
Group7.6	234594	-4.15618108208775	3.23611366912001e-05	0.00104525538914977
Group7.6	241246	-3.23817103461426	0.00120298666840132	0.0200640990765506
Group7.6	246550	4.82913177664684	1.37129640732631e-06	7.08271434714897e-05
Group7.6	246586	4.41814986041375	9.95493896476082e-06	0.00039991023626179
Group7.6	246646	6.12773117923003	8.914102621621e-10	1.01948226717478e-07
Group7.6	246830	6.22425433028142	4.83851649131735e-10	5.89457530811791e-08
Group7.6	246896	20.6948133596322	3.85718602689585e-95	4.32313409894487e-91
Group7.6	247139	4.36954169509809	1.24507566509765e-05	0.000466715988441954
Group7.6	250915	-2.93000693935594	0.00338954434350771	0.0437169309574619
Group7.6	253467	3.35765049653622	0.00078607938130227	0.0145385770720063
Group7.7	22424	-3.18881766382279	0.00142855954311789	0.0230378350493026
Group7.7	24169	3.14978810766819	0.00163388918479015	0.0253637534392355
Group7.7	151411	6.53857981943699	6.21057372174348e-11	9.66779309351402e-09
Group7.7	151484	3.02414727739309	0.00249335027038123	0.0348013322919462
Group7.7	151490	7.00429304585521	2.48236054508941e-12	5.35044172872349e-10
Group7.7	269315	-5.22627843650778	1.72955847758391e-07	1.12051395472604e-05
Group7.7	269569	-4.22045292596453	2.43811967171221e-05	0.000808474712442322
Group7.7	269574	-4.02041989543079	5.80945011775972e-05	0.00172254806666272
Group7.9	102391	-2.99955828852712	0.00270371385493904	0.036865237087782
Group7.9	102399	-5.22116643782495	1.77799651152198e-07	1.1452749943183e-05
Group7.9	102420	-5.49498072480986	3.90753091719176e-08	3.10607138438903e-06
Group7.9	102465	-4.47264816968028	7.72568325195859e-06	0.000321893895494245
Group7.9	315329	2.940958807675	0.00327198042097092	0.0426919168314809
Group7.9	315359	3.0705535194772	0.00213662389808555	0.0311003644801855
Group7.9	320801	-7.15849347599057	8.15684694741725e-13	1.94514767205644e-10
Group7.10	393249	3.25832134156925	0.00112073420191102	0.0189962773287898
Group7.12	274347	-4.22921846165151	2.34504543986659e-05	0.000784575202687305
Group7.12	451468	-6.61552803824403	3.70227802192652e-11	5.92787600996463e-09
Group7.12	451470	-7.05418042319397	1.73620982711155e-12	3.89188794845325e-10
Group7.12	451483	-8.7279945025143	2.59228250971076e-18	1.39648233613475e-15
Group7.12	452912	-4.02418219199462	5.71736440712406e-05	0.00169974059085004
Group7.17	530244	-3.13531339967739	0.00171670604261985	0.0262621543757621
Group7.17	604727	-3.4069427982021	0.000656948934991493	0.0127609768862819
Group7.19	63598	-4.80765096360232	1.52714090874274e-06	7.81561429460666e-05
Group7.19	63603	-3.80614142130896	0.000141151691483059	0.00356494631957035
Group7.19	63658	-5.10435375626376	3.31926845978976e-07	1.989431064028e-05
Group7.19	65322	4.37024860360822	1.24105161592033e-05	0.000466715988441954
Group7.19	75122	-3.32755317446243	0.00087612266904253	0.0158636233838912
Group7.21	31095	3.29821538115641	0.000973014679348265	0.0169933568549442
Group7.21	33686	-3.67357253682757	0.00023918273730374	0.00562004217966524
Group7.21	1155041	-3.91940247673132	8.87687709156747e-05	0.00247921642300447
Group7.21	1155132	-3.02292295215332	0.00250345973430498	0.0348989759976246
Group7.21	1155341	-2.8782996918141	0.0039982510534502	0.0494072743187098
Group7.21	1155378	-3.07300051574051	0.00211918121478795	0.0309268008533116
Group7.21	1155407	-2.87847212524941	0.00399606594116368	0.0494072743187098
Group7.21	1500035	-6.82773793061907	8.62639836161567e-12	1.68456512511783e-09
Group7.22	821145	-5.2390633228105	1.61393657502225e-07	1.05783632355844e-05
Group7.24	415105	-3.35590592176144	0.000791054733191608	0.0145824694894927
Group7.24	417563	-6.41264803840629	1.43013436846995e-10	1.97888222244583e-08
Group7.24	436131	-4.3445223637279	1.39579024250451e-05	0.00051073827735808
Group7.24	436858	-3.65753089894748	0.000254656568342993	0.00589708846691791
Group7.24	456576	-3.62310527229579	0.000291087281355806	0.00659092171603206
Group7.24	675391	3.18559079912267	0.00144458764385667	0.0231961866939048
Group7.24	675458	6.8596829780388	6.90135296673396e-12	1.40637025547553e-09
Group7.24	675467	8.10687562996719	5.19379749214159e-16	2.23892624199704e-13
Group7.24	675557	3.89952202833953	9.63827685074815e-05	0.0026607341611622
Group7.24	675616	3.88441445820967	0.000102576799035919	0.00279048729027812
Group8.1	53656	-3.1688721345037	0.00153031703190948	0.024294324778529
Group8.1	265918	3.89837882578775	9.68388385237097e-05	0.0026667560249969
Group8.1	271599	-5.03835109438903	4.69559518625897e-07	2.68511381875462e-05
Group8.1	283181	3.8683532005576	0.000109572871399791	0.00293100893233618
Group8.1	283468	-7.32973426877568	2.30609528924189e-13	6.3040770736154e-11
Group8.1	283492	-3.80819861797342	0.000139982819998533	0.0035576586089423
Group8.1	283514	-4.28193926394495	1.85271557050549e-05	0.000646892090785844
Group8.1	284105	3.24510159196782	0.00117408728677438	0.0197032005389671
Group8.1	284819	-3.09482560843227	0.00196928647867023	0.0292011559560929
Group8.1	285096	4.07948622412503	4.51353443250194e-05	0.0013859642169721
Group8.1	285114	3.19562031051078	0.00139530596510066	0.0226646221113741
Group8.4	86939	-4.04693669287437	5.18922683091362e-05	0.00155927223380375
Group8.5	234968	-4.23405292083215	2.29516896068942e-05	0.000770187236868474
Group8.5	234979	-3.92839386899107	8.55150745570763e-05	0.00240213773342284
Group8.6	385377	-4.35413448024698	1.33593681709012e-05	0.000494164351351357
Group8.6	1587767	-3.09853638120094	0.00194479090558073	0.0289471666264924
Group8.6	1615712	5.29265322962241	1.20554383647029e-07	8.28940817126317e-06
Group8.6	1670607	5.78967624231339	7.05222248257524e-09	6.55395428085703e-07
Group8.6	1670627	4.01420406123063	5.96467278633426e-05	0.00174107632636553
Group8.7	34469	-5.99149971897314	2.07914684792428e-09	2.23142613154049e-07
Group8.7	34869	-2.99393455396575	0.00275405012248212	0.0375059462609716
Group8.7	34880	-3.43563091534334	0.000591175758150217	0.0117441186240893
Group8.7	917837	-4.07121859667415	4.67678357460432e-05	0.00143216913399358
Group8.7	917851	-2.94130949032377	0.0032682781169831	0.0426919168314809
Group8.7	917985	-3.02514137817141	0.00248516929882064	0.0347737546831233
Group8.7	917994	-2.92729828428451	0.00341920778645223	0.044031314922805
Group8.7	918047	-3.5128453682763	0.000443335409170814	0.00932252019884893
Group8.7	918176	-6.52412150478467	6.8401244358761e-11	1.05019335174383e-08
Group8.7	942743	-4.22662423046016	2.37223327396891e-05	0.000791309242102487
Group8.7	1712711	-8.07060610913287	6.99500419879405e-16	2.80000025214585e-13
Group8.8	168534	3.26809162965295	0.00108275305242272	0.0184430033610242
Group8.8	171383	3.2255439757909	0.00125733518076111	0.0206934107282973
Group8.8	173629	3.66519469480525	0.000247150491605741	0.00577096397899406
Group8.8	439161	3.15802983363693	0.0015883930152985	0.0248681832526446
Group8.8	554722	-3.80601506627164	0.000141223783537584	0.00356494631957035
Group8.8	651434	3.57271283979048	0.000353302120399189	0.00781027646042232
Group8.8	651450	3.55526846057546	0.000377593343749565	0.00823359182246134
Group8.8	651623	3.54949483793981	0.000385971032720405	0.00831916025909672
Group8.8	695349	5.64004032234855	1.70010347209793e-08	1.44354240267224e-06
Group8.8	726659	-2.88389058214067	0.00392795206662775	0.0489705080787139
Group8.8	726800	-3.46431896081491	0.000531575809751657	0.010808611147998
Group8.8	726811	-2.97373346829054	0.00294200500533732	0.0395846243695327
Group8.8	733076	3.74181668139259	0.000182694768487144	0.00441302363190499
Group8.8	764438	6.85462104579299	7.15018057380834e-12	1.43105756912935e-09
Group8.8	764657	6.13008135662436	8.78341462415684e-10	1.01489186708814e-07
Group8.8	780766	-3.76533915165565	0.000166323166871609	0.00407910296345076
Group8.8	874173	-3.52748190083889	0.000419532442267819	0.00889342590162099
Group8.8	884004	5.64717697565764	1.63103906466525e-08	1.39547220128001e-06
Group8.8	884023	2.8746489799428	0.00404476898416883	0.0497005078688102
Group8.8	938413	3.18661718473722	0.00143947161500545	0.0231471992266587
Group8.9	9686	-5.69608121826862	1.22592494837093e-08	1.08190289931822e-06
Group8.9	10210	3.39695825579809	0.000681393607241925	0.0131900855785276
Group8.9	126704	4.2070169006539	2.58763796346083e-05	0.00085552348951236
Group8.9	126820	-3.48403283037059	0.000493918897757306	0.0102326118411532
Group8.9	162644	4.95697091358804	7.16006906592976e-07	3.90385245125748e-05
Group8.9	162827	7.20092227943479	5.98066321872535e-13	1.48958385234386e-10
Group8.9	463614	-3.1349221491449	0.00171899724119704	0.0262621543757621
Group8.9	1042374	-3.06111651351804	0.00220513266243947	0.03180840010376
Group8.9	1042401	3.4450784162971	0.000570893746479545	0.0114464706807563
Group8.9	1060657	4.66376162048283	3.10481020593369e-06	0.000141458182065467
Group8.9	1060664	3.76247561647673	0.000168239715473274	0.00411224531990439
Group8.9	1075145	-3.06585178130904	0.00217050882181531	0.0314709739649496
Group8.9	1079306	3.46514060874124	0.000529954321006112	0.010808611147998
Group8.9	1079353	2.89122353469535	0.00383745063015356	0.0480560297907945
Group8.9	1110701	4.00741375418048	6.13872671925927e-05	0.00178708698881709
Group8.9	1387990	3.09973816843013	0.00193691783360277	0.0289067577616775
Group8.9	1481714	3.04213882290622	0.00234903531663891	0.0334536058816886
Group8.9	1484330	4.69499781591558	2.66609572733208e-06	0.000124747980381566
Group8.9	1484386	4.1788567978222	2.92978081716037e-05	0.000954563470893415
Group8.11	333710	3.20001664657212	0.00137419650415338	0.0223541283288114
Group8.11	386573	3.46980682222284	0.000520832815495129	0.0106718358246241
Group8.11	434216	4.68783383231254	2.76112064136648e-06	0.000128409295221724
Group8.11	436532	-3.52326176573911	0.000426270126411601	0.0089884887357064
Group8.11	439339	-3.15125948348146	0.00162567992689732	0.025289826604302
Group8.11	440771	-4.06148459900451	4.87616355571423e-05	0.00148258192309288
Group8.11	440800	-9.95720834905347	2.3455651109442e-23	2.02223798180481e-20
Group8.11	440826	-4.3652618363995	1.26970575370746e-05	0.000472786115865556
Group8.12	44776	4.69975609994472	2.60472389085045e-06	0.000122662795666604
Group8.12	182090	-6.9855278961397	2.83786864405946e-12	6.00128901181479e-10
Group8.12	182201	-3.4226135605857	0.000620221842216751	0.0121741618346153
Group8.14	37607	-3.43524150744257	0.000592025965614779	0.0117441186240893
Group8.14	37616	-3.05798571644751	0.0022283019700658	0.0320600879082124
Group8.14	37619	-3.23145141225439	0.0012316326124048	0.0204505752886415
Group8.14	95811	-3.42143231972254	0.000622922268146817	0.0122057915758558
Group8.17	38367	3.37455441305899	0.000739352977755774	0.0139741453198764
Group8.17	80411	3.47702054952996	0.000507018956246771	0.0104078176952634
Group8.17	841113	3.17482397241903	0.00149927421854463	0.023903080286555
Group8.21	566857	2.9431371785707	0.00324904414994834	0.0426388759539569
Group8.21	604990	2.90785566042028	0.00363916263944596	0.0459839175455585
Group8.21	763899	-6.67140401372281	2.5336764834802e-11	4.23842478012628e-09
Group9.10	278526	3.14119515501231	0.00168259872445122	0.0258690898541142
Group9.10	278539	3.13956683174036	0.00169197815762033	0.0259776591652173
Group9.10	670813	2.88638345236678	0.00389697048872993	0.0486383577257072
Group9.10	774520	-5.2955439435702	1.18662652793147e-07	8.26068951866828e-06
Group9.10	774725	6.38296609485934	1.73690373477443e-10	2.35196850079776e-08
Group9.10	790087	-7.55234311504083	4.27496451893823e-14	1.40324109298306e-11
Group9.10	812731	-6.36284761516943	1.98047155864959e-10	2.55139370452237e-08
Group9.10	1029994	4.4634037380402	8.0667847741263e-06	0.000333625548887113
Group9.10	1030045	3.62580484857929	0.00028806284363198	0.00654890132135341
Group9.10	1233563	3.16003613768199	0.00157749571612803	0.0248671898542376
Group9.10	1689402	-4.25793560253989	2.06323360082294e-05	0.000707178048869221
Group9.10	1691119	-5.31207803279414	1.08382172505378e-07	7.68827461671064e-06
Group9.10	1691136	-10.4382455297427	1.65847462801638e-25	1.85881836308075e-22
Group9.10	1735740	3.81169415139339	0.000138017586497982	0.00352369273227649
Group9.10	1746075	4.39330725526718	1.11639169389176e-05	0.000439035722987328
Group9.10	1755670	-4.67384098740943	2.95618245124589e-06	0.000136349353553761
Group9.10	1755864	-7.81070734131491	5.68679230313781e-15	1.99179900417402e-12
Group9.10	1783035	6.28362693214018	3.30763907543546e-10	4.16539536600906e-08
Group9.10	1783094	5.7528132468505	8.77704285378425e-09	8.0633685496077e-07
Group9.10	1783618	-4.01418543659204	5.96514373058855e-05	0.00174107632636553
Group9.10	1783743	3.26816159289523	0.00108248542169503	0.0184430033610242
Group9.10	1783989	-3.71216047484894	0.000205497623224461	0.00491091121769672
Group9.10	1784039	-4.81397588115411	1.47956672658179e-06	7.60687333556361e-05
Group9.10	1784175	-4.77258626580033	1.81875165163164e-06	9.05980822732775e-05
Group9.10	1784697	2.96665629271185	0.00301057303147772	0.0402569902583268
Group9.10	1798724	5.40906960936266	6.3353004236343e-08	4.73373647653955e-06
Group9.10	1799040	3.81230885450396	0.000137674690971125	0.00352369273227649
Group9.10	1799085	3.38353030674819	0.000715603090860794	0.01357103120536
Group9.10	1799434	-5.52804652389021	3.23816188646097e-08	2.6110301024068e-06
Group9.10	1799509	-2.91275149579919	0.00358259580501914	0.0455774503775874
Group9.10	1911406	-5.27495936273413	1.32785508356882e-07	9.01975744038744e-06
Group9.10	1937581	4.46985600058157	7.82722769030129e-06	0.000324916918344063
Group9.10	2514302	-4.01572621398935	5.92630229668663e-05	0.00173879571050429
Group9.10	2514333	-3.3516293965631	0.000803374854319603	0.0147610251921543
Group9.12	545761	-3.0388506874924	0.00237482524708285	0.0336924574294995
Group9.12	578675	-2.97749307767909	0.00290616207154297	0.0391493563676125
Group9.12	583093	-4.36726399283612	1.25812625678261e-05	0.000470035969533984
Group9.12	718145	-4.26659210227728	1.98481574993718e-05	0.000686599226089379
Group9.12	886704	-3.39550800104803	0.000685013717013141	0.013214515904102
Group9.12	1089666	-2.87508723518438	0.00403915883745423	0.0497005078688102
Group9.12	1089675	-2.87635858799263	0.00402292407423746	0.0496214596597269
Group9.12	1262664	3.29810761312237	0.000973388213853871	0.0169933568549442
Group9.12	1263148	3.01030850052217	0.00260982462214686	0.0358714948525319
Group9.12	1263160	3.09870844034541	0.00194366192338329	0.0289471666264924
Group9.12	1271446	-3.10897513214293	0.00187737519004814	0.028205926447801
Group9.12	1271472	-3.98874175598125	6.6424685463811e-05	0.00190894326840614
Group9.12	1271484	-3.39553622117543	0.000684943104018745	0.013214515904102
Group9.12	1334422	-2.97818128848643	0.00289964420662877	0.0391085586857945
Group9.12	1397900	-3.50575202789293	0.000455319204424982	0.00952092843879702
Group9.12	1398047	-4.38310641079076	1.16998928735629e-05	0.000453406944197225
Group9.12	1398810	3.83473585956148	0.000125699303104105	0.00329938592316349
Group9.12	1398812	3.79995325503265	0.000144723384373536	0.00364507795968224
Group9.12	1407429	3.22932038184698	0.00124084800147723	0.0205481906927496
Group10.17	119716	4.64924410170725	3.33153739639389e-06	0.000149959321842501
Group10.21	232932	4.26928018188627	1.96104806511191e-05	0.000680477607237593
Group10.21	233556	3.68257667793255	0.000230888388357518	0.00543654843846861
Group10.21	246616	-6.41503426695996	1.40791189617017e-10	1.97248456653441e-08
Group10.23	527147	-3.61642056035189	0.000298704930376047	0.00674976786220712
Group10.23	527152	-2.91975087195368	0.00350311307339297	0.0447695454123015
Group10.24	57978	3.1118653694084	0.00185909261405091	0.0279687382795739
Group10.24	97677	-3.29341458904852	0.000989784084698983	0.0171992248392344
Group10.24	97732	-3.09992695126631	0.00193568375447047	0.0289067577616775
Group10.25	63179	4.24363788785461	2.19925132912257e-05	0.000744689090537939
Group10.25	82850	-4.27787124640782	1.88689101352699e-05	0.00065677871054691
Group10.26	215409	-4.28538874744364	1.82419919314076e-05	0.000638925767397551
Group10.26	215811	-3.37308167760585	0.00074331899463936	0.0140018811628873
Group10.26	308373	-5.93273258474277	2.97933895223747e-09	3.02419798235829e-07
Group10.26	321478	-4.30009911939033	1.70721733993087e-05	0.000607444188760163
Group10.26	321487	-4.30758675276749	1.65045370937078e-05	0.000594800166386743
Group10.26	935844	3.44171534813865	0.000578038166949791	0.0115483988862268
Group10.26	1040947	3.20178337044288	0.00136579667297697	0.0222497806841946
Group10.26	1131341	-2.92303913274109	0.00346632948677223	0.0445024294246771
Group10.26	1458815	5.23222148356691	1.67484897198015e-07	1.09137833011358e-05
Group10.26	1458829	5.23990232733701	1.60661609604676e-07	1.05783632355844e-05
Group10.26	1466861	3.00922709669612	0.00261913261292086	0.0359019022436611
Group10.26	1466924	-3.25259130648082	0.00114357848224476	0.0193030536581315
Group10.26	1467085	5.49365592178734	3.93697192108854e-08	3.10743530222256e-06
Group10.26	1467099	6.42661634903162	1.30475564444023e-10	1.85110142568178e-08
Group10.26	1467331	-3.55836938763173	0.000373164275289166	0.00816879921375189
Group10.26	1485252	3.86666999085947	0.000110331566805472	0.00294350576654725
Group10.26	1486114	3.84111779530907	0.00012247532020701	0.00322230842460134
Group10.26	1583029	-3.4493077646255	0.000562025741459366	0.0112888611295279
Group10.26	1583116	5.00892158013787	5.47358683143157e-07	3.06739806033425e-05
Group10.26	1620803	5.13851403180772	2.76919519445213e-07	1.68680107279454e-05
Group10.26	1645708	-3.45117385617312	0.000558153897589552	0.0112312188225919
Group10.26	1773632	3.18977687709322	0.00142382675776935	0.022994596975618
Group10.26	1941886	-2.94523869319813	0.00322705602852114	0.0424019272774501
Group10.26	1941992	-4.38396104046858	1.16540624212165e-05	0.000453406944197225
Group10.26	2212373	-4.20424325125059	2.61957100378848e-05	0.000863533876778272
Group10.26	2348310	-3.19251946234786	0.00141037439874133	0.022810211054968
Group10.26	2361515	5.30995987048202	1.09649375389388e-07	7.72924653688213e-06
Group10.27	380578	-5.62364494483652	1.86969743433264e-08	1.57369351261295e-06
Group10.27	380801	-4.14130814241377	3.45330659852044e-05	0.00111220288379934
Group10.27	380858	-8.72694097963308	2.61653542637668e-18	1.39648233613475e-15
Group10.27	461238	3.14780444123138	0.00164501706029622	0.025465954712431
Group11.1	507125	5.06044863285409	4.18271135630088e-07	2.41648602481548e-05
Group11.1	513936	3.90267289301072	9.51362356004692e-05	0.00263280723113595
Group11.1	536761	2.96642388940347	0.00301284922119773	0.0402569902583268
Group11.1	569286	-4.55816175001415	5.1603289851738e-06	0.000222449874099338
Group11.1	580092	4.56674163119631	4.95363955366089e-06	0.000215195318284617
Group11.1	582482	3.88711266755989	0.000101443676283135	0.00277156219036136
Group11.3	126294	-12.5026527583164	7.22010932310281e-36	2.02307463233341e-32
Group11.3	393305	5.93186892546053	2.99505688830987e-09	3.02419798235829e-07
Group11.3	393423	-4.37464869401999	1.21628193841405e-05	0.000463676461419887
Group11.3	393429	-10.566273996624	4.27129092451745e-26	5.78038500108132e-23
Group11.3	393431	-12.8786715235163	5.93483136015196e-38	2.21725299615277e-34
Group11.3	393676	-5.4483006472132	5.08533464421186e-08	3.90386511591278e-06
Group11.3	394625	-4.37030130424763	1.24075211720853e-05	0.000466715988441954
Group11.3	394627	-4.38251661660715	1.17316215040324e-05	0.000453406944197225
Group11.3	394779	-4.65924000845262	3.17378978579151e-06	0.000143434822254642
Group11.3	394795	-3.78580976602259	0.000153208850179302	0.0038244204739635
Group11.4	16466	-6.06086066447848	1.35395085752965e-09	1.50248328823687e-07
Group11.6	53020	-4.62661501534669	3.71690495097316e-06	0.000164660358460503
Group11.6	1164884	-4.80324228975789	1.56116784263983e-06	7.95344053650328e-05
Group11.6	1173230	3.18834089378235	0.00143091733162089	0.0230427032367915
Group11.6	1173393	3.8658911052358	0.000110684319013909	0.00294350576654725
Group11.6	1292149	-2.93158545005459	0.00337236576188135	0.0435454786395924
Group11.6	1406405	3.39045472430788	0.000697767790883329	0.0133914065072266
Group11.6	1406415	3.76882345602578	0.000164018840835629	0.0040491699737571
Group11.16	738687	3.10227909293875	0.00192036815014864	0.0287362966980854
Group11.16	738856	-6.36368114983118	1.9697483124399e-10	2.55139370452237e-08
Group11.16	738986	4.6728759762015	2.97011133568085e-06	0.000136430360042258
Group11.16	739180	3.15798218193124	0.00158865267745303	0.0248681832526446
Group11.16	739654	-5.21871057726719	1.80173052330381e-07	1.15393118315366e-05
Group11.16	739662	-5.38293609664222	7.32805596912553e-08	5.41282704475784e-06
Group11.18	432530	5.29422822604411	1.19520091135827e-07	8.26901963858239e-06
Group11.18	432623	2.95992572269586	0.00307713222320566	0.0407665460492778
Group11.18	1757158	-3.01854438031898	0.00253992196981835	0.0352756449042429
Group11.18	1757175	-3.10481276045073	0.00190399512065193	0.0285675733765285
Group11.18	1759720	3.24462004537895	0.0011760743362392	0.0197032005389671
Group11.18	1771065	3.17825351781192	0.00148165135902608	0.0236895127417466
Group11.18	2556752	-3.70344441338894	0.000212691802491678	0.00506125206438797
Group11.18	2796318	3.93408899355288	8.35128390015325e-05	0.00235178869228436
Group11.18	2851391	-2.9424273079597	0.00325650230340713	0.0426388759539569
Group11.18	2871715	-4.30958500437649	1.63561182066769e-05	0.000591352815678821
Group11.18	3310967	6.49466418116793	8.32188311780288e-11	1.22725876295177e-08
Group11.18	3406779	8.10133985331993	5.43571660964163e-16	2.25642636151346e-13
Group11.18	3406889	-2.95306185841435	0.00314638906540046	0.041487916052951
Group11.18	3532058	-3.80908391374485	0.000139482617999173	0.00355300268757893
Group11.18	3538590	-3.17624418468182	0.00149195310317668	0.0238202427071285
Group11.18	3635484	3.05185526250446	0.00227431737249666	0.0325966101162949
Group11.18	3672329	-3.15400644508532	0.00161045529154609	0.0251743136787289
Group11.18	3673683	-3.15800351294306	0.00158853643635303	0.0248681832526446
Group11.18	3760246	3.28254873737759	0.00102873200893566	0.0177112570755006
Group11.20	67824	-3.04299971196846	0.00234232557345032	0.03344303825125
Group11.20	555942	3.38820931085918	0.000703505557453332	0.0134554441773668
Group11.20	566534	3.0114281208924	0.0026002195622896	0.0358445969002607
Group11.20	583286	3.04679744729365	0.00231293511324352	0.0331077608547042
Group11.20	583315	3.16092008939766	0.0015727163858486	0.0248297122185175
Group11.20	584849	5.44042934718159	5.31523166071795e-08	4.05259295600862e-06
Group11.20	584916	-3.66939073096128	0.00024312923096623	0.00568891945860021
Group11.20	585027	-3.16088554715217	0.00157290289749709	0.0248297122185175
Group11.20	585457	7.90405922543412	2.69964656543826e-15	9.76052861465549e-13
Group11.20	585734	-3.85060694205763	0.000117825466843731	0.00311459394430317
Group11.20	586037	5.02444753529417	5.04883792272614e-07	2.87245560598551e-05
Group11.20	590360	3.66329133007598	0.000248995069753465	0.00580194748814312
Group11.20	590363	3.01009857199063	0.00261162917555907	0.0358714948525319
Group11.20	708958	-2.933757467269	0.00334885776148072	0.0432918082937438
Group11.20	718868	4.38064786400615	1.18326963750134e-05	0.000455741790278865
Group11.20	719014	-4.09829605458858	4.16202727145993e-05	0.00129082530078693
Group11.20	719057	6.3686652150107	1.90680302756945e-10	2.54422003964266e-08
Group11.20	719077	5.70078845092228	1.19254555134544e-08	1.06079766186347e-06
Group11.20	719520	3.30057692501209	0.000964862589501071	0.0169235992224225
Group11.20	719535	5.50132239789481	3.76953201882606e-08	3.01777963335732e-06
Group11.20	720013	-5.84671219670184	5.01383867803283e-09	4.8444055089131e-07
Group11.20	721223	-3.31955204986855	0.000901619950732612	0.016142741865513
Group11.20	938678	-3.30843434262586	0.000938191806225826	0.0165988625133014
Group11.20	955730	4.95656126562635	7.17517491933477e-07	3.90385245125748e-05
Group12.5	166979	-3.6533646977553	0.000258826202080567	0.00598128674828658
Group12.5	471173	-4.60061338669754	4.21248641273577e-06	0.00018588010911001
Group12.10	121295	4.38967732182104	1.13518980148307e-05	0.000444867387937842
Group12.13	2705230	-2.87623979488026	0.0040244385109468	0.0496214596597269
Group12.13	2727986	-3.57777971768741	0.000346525297577099	0.00767560382459314
Group12.16	384885	4.9428740551302	7.69792166977099e-07	4.10849076546635e-05
Group12.17	129526	-3.08179879846453	0.0020575385969583	0.0301844143909798
Group12.17	2282994	4.24583859518268	2.17777363318531e-05	0.00073965111759821
Group12.17	2693315	3.59176384775355	0.000328447414948567	0.00733314467478793
Group12.17	2693699	4.29464810548698	1.7497064319339e-05	0.000614755789627435
Group12.17	2693750	5.99061664163599	2.0904688063147e-09	2.23142613154049e-07
Group12.17	2820515	-3.49396848088328	0.000475897200297732	0.00989583640248048
Group12.17	2839462	-3.74055899168467	0.000183611443787514	0.00442562809025904
Group13.3	115763	-4.50654679987754	6.58911577735106e-06	0.000276594792631276
Group13.4	107256	3.50158565944376	0.000462498269624945	0.00963509406311595
Group13.5	576447	6.72626850810755	1.74069223248125e-11	3.09839114193022e-09
Group13.5	644314	3.14609244112239	0.00165467697781056	0.0255449305334721
Group13.5	644480	3.95968710244165	7.50480275417537e-05	0.00213486876316745
Group13.7	645086	-3.18509309541228	0.00144707448185213	0.0232028766703843
Group13.9	236199	-3.38721456979164	0.000706061434556484	0.0134813229276134
Group13.10	1108787	-3.62704863600556	0.000286679310661083	0.00654399534397031
Group13.10	1108879	-4.25628840708629	2.07848557355253e-05	0.000710233728913924
Group13.10	1108947	4.05390866121835	5.03688894761897e-05	0.00151795874631226
Group13.10	1109039	-2.94706065599071	0.00320810268389375	0.0422023648838981
Group13.10	1116455	3.1152649972702	0.00183779723696512	0.0277227879298857
Group13.12	322452	4.59443277317142	4.33927988550872e-06	0.000190724113556007
Group13.12	322518	5.45502775434135	4.89651968744758e-08	3.81112449006337e-06
Group13.12	322672	6.64782776560867	2.97450074993426e-11	4.90267711842106e-09
Group13.12	408277	-6.73935963752537	1.59086192210754e-11	2.9230131840953e-09
Group13.12	642027	4.17178314101363	3.02225204305623e-05	0.000979000025970353
Group13.12	642214	3.6899529272803	0.00022429555200528	0.00531480876717798
Group14.13	191762	2.91073211034004	0.00360583030564774	0.0456657017691524
Group14.14	800203	3.16250168640566	0.00156419829620227	0.0247970785061316
Group14.14	944130	-3.42467064975449	0.000615545130944842	0.0121209805568735
Group14.14	944183	-3.88665787054557	0.000101633838351045	0.00277156219036136
Group14.14	944185	-4.64482597538878	3.40363236997239e-06	0.00015138060159782
Group14.14	944403	-3.28530685659976	0.0010187135914674	0.0175928227013353
Group14.14	954917	-3.11386099952655	0.001846564608092	0.027817602321902
Group14.14	957068	3.02824500354147	0.00245978572491131	0.0345047289171539
Group14.14	974165	-4.18522738961677	2.84880777163885e-05	0.000930887390802573
Group14.14	984808	3.81991862997453	0.000133495706485221	0.00346347194047769
Group14.15	44722	4.42515915645219	9.63712056231551e-06	0.000389938076759683
Group14.15	226561	-5.33889329982032	9.35156571701888e-08	6.67594576792023e-06
Group14.15	226841	-5.42197639689464	5.89436666952796e-08	4.4338296397362e-06
Group14.15	227060	-4.95536910811253	7.21931088196362e-07	3.90889064565451e-05
Group14.15	227098	-4.19565204828667	2.72087682984443e-05	0.000891683845289369
Group14.15	227301	3.21728052690696	0.00129411996180757	0.0212054042864609
Group14.15	228248	2.96293767107462	0.00304718264662335	0.0404654302172446
Group14.15	228362	2.90436345705998	0.00368000681371364	0.0464476535676829
Group14.15	610840	-2.96635467950509	0.00301352737569024	0.0402569902583268
Group14.15	611068	3.86557468035428	0.000110827929468499	0.00294350576654725
Group14.15	611093	3.38490953916065	0.000712017154483854	0.0135488765152038
Group14.15	616721	-2.88710535267858	0.00388804019541022	0.0485809972242562
Group14.15	616736	-2.98712605930633	0.00281613575230094	0.0382121664791634
Group14.15	684040	-3.55439273707814	0.000378853012921827	0.00824501858024824
Group14.15	684042	-3.92362231989191	8.72274453378755e-05	0.00244411301836727
Group14.15	684980	-6.06924848349484	1.28510180745976e-09	1.4403421058009e-07
Group14.15	685036	-2.92047136295977	0.00349502316608414	0.044717145714008
Group14.15	700082	-4.4240723221046	9.68575719966871e-06	0.000390496283071536
Group14.15	700920	-7.24858112845509	4.21160138893366e-13	1.07280973561746e-10
Group14.15	1383679	4.37136989817181	1.23469413520407e-05	0.000466715988441954
Group14.15	1386735	3.01107159717141	0.00260327461427661	0.0358445969002607
Group14.15	1387086	-14.0343937359773	9.6013995128127e-45	5.38062428698024e-41
Group14.15	1387267	-5.99138314201598	2.08063805461083e-09	2.23142613154049e-07
Group14.15	1387545	-4.01848020451282	5.8574729118908e-05	0.00173220465426048
Group14.15	1387560	-4.1384544599946	3.49653255812293e-05	0.00111968962604119
Group14.15	1395031	3.17262470630131	0.00151067664734618	0.0240506588969546
Group14.15	1395040	3.81219809993152	0.000137736413088942	0.00352369273227649
Group14.15	1395274	-3.31796353353437	0.000906763219358016	0.0162089348685241
Group15.3	106320	7.31347386528683	2.60322957758583e-13	6.78534816408882e-11
Group15.13	421336	-5.15865636196688	2.48728339032926e-07	1.53172924389068e-05
Group15.19	172626	-3.15833490916948	0.00158673153304076	0.0248681832526446
Group15.19	172730	3.73714668029423	0.000186120357429346	0.00447647417611181
Group15.19	349720	-2.93970416910648	0.00328525747567191	0.0427655816345305
Group15.19	731489	-3.01278345951552	0.00258863555774452	0.035730821836454
Group15.19	1691287	-6.63726881335127	3.19548582297482e-11	5.19058044984084e-09
Group15.19	1691475	-3.55056696513017	0.000384402329216609	0.00831733842830068
Group15.19	1691643	3.02215345740391	0.00250983276019188	0.0349443547530815
Group15.19	2325355	4.39546063341669	1.10538096263162e-05	0.000436236261590678
Group15.19	3301065	-2.93666468035768	0.00331762618951632	0.04303698418067
Group15.19	3301068	-5.7088757192999	1.13724892969699e-08	1.01970288032351e-06
Group16.2	685082	3.54866131371422	0.000387194751197847	0.00832951779544237
Group16.2	685296	3.42518149813485	0.000614388834366979	0.0121209805568735
Group16.2	685342	-3.52754326223028	0.000419435212953446	0.00889342590162099
Group16.2	685393	-3.02455087499263	0.00249002588976422	0.0347982670479767
Group16.2	951434	-3.70012540539806	0.00021549295219056	0.00511704450879617
Group16.2	951440	-3.84351707341454	0.000121283557476687	0.00319846144046756
Group16.2	951450	-4.5596986385967	5.12270811832487e-06	0.000221680743591448
Group16.2	1009100	2.96725254459249	0.00300474043248088	0.0402569902583268
Group16.2	1146685	3.4388411206233	0.000584209991077733	0.0116302408170501
Group16.4	1355840	-3.63628662826488	0.000276596551544688	0.00633966083785862
Group16.4	1359771	3.71655436069912	0.000201958203826988	0.00483664006088222
Group16.4	1361342	-3.24572580864485	0.00117151614182328	0.0197032005389671
Group16.4	1441984	3.55257328144687	0.000381482745432956	0.00828616009847397
Group16.4	1442171	2.99173818262573	0.00277394052579337	0.0377309774430729
Group16.4	1442375	4.11834944809003	3.81595742504981e-05	0.00120138344999883
Group16.4	1442383	3.31056202486144	0.000931088147786161	0.0165120822158027
Group16.4	1445401	-3.38385307282309	0.000714762414229989	0.01357103120536
Group16.4	1450932	3.10330344919763	0.00191373306273183	0.0286752943410405
Group16.4	1451031	3.06124472563457	0.00220418855819171	0.03180840010376
Group16.4	1451176	5.18418117912373	2.16965942750987e-07	1.35852194768327e-05
Group16.4	1451208	2.88143732978416	0.00395865949692576	0.0491347238555303
Group16.5	380448	-4.7601127433238	1.93484845927515e-06	9.51130768927891e-05
Group16.5	494801	3.32659732903128	0.000879133121490397	0.015866866385933
Group16.5	501614	-4.73388446258294	2.20263139846344e-06	0.000105500396213582
Group16.5	501667	-3.41762536589842	0.000631699937986739	0.0123346566288421
Group16.5	502095	8.2789258053135	1.24291343317349e-16	6.05677119956892e-14
Group16.5	502311	7.78727321578093	6.84707868863355e-15	2.32551690733954e-12
Group16.5	502506	3.35825573083559	0.000784360111096028	0.0145308816600535
Group16.5	502518	3.91653377108473	8.98312369683393e-05	0.00249833375667778
Group16.5	502846	-2.96545250221877	0.00302238012356717	0.0403204083571161
Group16.5	513938	-3.14437047094041	0.00166444577805854	0.0256603965343605
Group16.5	515149	3.51222620653317	0.00044436960229815	0.0093267687313814
Group16.5	515343	-5.18035934731149	2.21458860126593e-07	1.37895050238825e-05
Group16.5	515370	-4.58355530659335	4.57135899584447e-06	0.000199361056908268
Group16.5	515645	-4.74871113315236	2.04717097885263e-06	0.000100195163017381
Group16.5	515665	-4.03800079727131	5.39086699760338e-05	0.00161553040933526
Group16.5	515867	3.55205385191803	0.000382236622541254	0.00828647594863128
Group16.5	543461	-3.5657370755813	0.000362834994100269	0.00798949825908805
Group16.5	678741	-4.06072138206247	4.89213245088158e-05	0.00148258192309288
Group16.6	147103	-3.12454270870047	0.00178081667867196	0.027034659108263
Group16.6	147230	-5.58670167176151	2.31422768881572e-08	1.90719587766519e-06
Group16.6	147343	-5.24669189744555	1.54854543833473e-07	1.03310102814617e-05
Group16.6	147445	-4.83475959510381	1.33306638915888e-06	6.91713337485775e-05
GroupUn6	19829	-3.70884877001271	0.000208203728943654	0.00496499445532015
GroupUn9	71796	3.33365950774039	0.000857115109281301	0.015569766847366
GroupUn9	177604	-3.46393764767296	0.000532329885233305	0.010808611147998
GroupUn10	43270	-2.92217296073164	0.00347598451988018	0.0445753255135206
GroupUn10	54489	-3.35984042737434	0.000779875032882563	0.0144955876758669
GroupUn27	31490	3.04226739908552	0.00234803208108328	0.0334536058816886
GroupUn54	40441	3.02157001323083	0.00251467478683112	0.0349683312789122
GroupUn64	44557	-2.93573980431933	0.00332753304341871	0.0431155957810831
GroupUn64	51193	-4.10668654866747	4.01375318216197e-05	0.00125659624764445
GroupUn64	51208	-3.07152230158115	0.00212970254161072	0.0310399298912523
GroupUn106	34280	-3.42744801990316	0.00060928293705738	0.0120438150944252
GroupUn106	34298	-4.29611411035834	1.73818133303408e-05	0.000612626930208992
GroupUn106	34543	3.37407539828247	0.000740640783312417	0.013974919022501
GroupUn106	38091	-4.64607417502211	3.38311402094173e-06	0.00015138060159782
GroupUn107	41657	3.1820850617643	0.00146218867509126	0.0234117295291754
GroupUn107	41743	3.08943316145801	0.00200538823437117	0.0296131638087379
GroupUn107	42481	-4.33614606759015	1.45002606044859e-05	0.000527658833945059
GroupUn107	50911	9.89705853648555	4.28698447361669e-23	3.43203728430685e-20
GroupUn115	55449	-3.9652833124744	7.33088224082662e-05	0.00209603388150982
GroupUn120	37317	-2.89960578899524	0.00373632239184931	0.0469996648348452
GroupUn120	37575	3.21383651730196	0.00130974221857235	0.0213988203874036
GroupUn128	19802	-5.97531405864284	2.29647338781403e-09	2.42819563496412e-07
GroupUn128	19939	-3.31530379700206	0.000915435783614189	0.0162860385122981
GroupUn128	20025	-2.94275126573517	0.00325309675491833	0.0426388759539569
GroupUn128	20042	-2.90902485432732	0.00362558035229007	0.045864000664184
GroupUn135	11556	6.0004200155647	1.96807778528482e-09	2.16257017818356e-07
GroupUn156	15421	3.75088802957867	0.000176209381245718	0.00428406669197832
GroupUn156	15634	2.96175263707807	0.00305893427056232	0.040573414561494
GroupUn156	15653	3.59301031358492	0.000326879644614931	0.00731270869629571
GroupUn162	27533	3.48247896458057	0.000496794249772223	0.0102731917923378
GroupUn162	28645	-3.47762721628067	0.000505872933170934	0.0104033464862015
GroupUn162	29895	3.81325273570257	0.00013714973413495	0.00352369273227649
GroupUn165	40798	3.32044579864118	0.000898738086830287	0.0161427187134517
GroupUn171	32704	3.65803868013923	0.000254152697532957	0.00589708846691791
GroupUn245	10995	3.66973858292029	0.000242798637775798	0.00568891945860021
GroupUn267	14600	-3.59323013155527	0.000326603891134491	0.00731270869629571
