chr	pos	stat	pvals	fdrs
Group1.1	225857	-3.13619513140106	0.001711552834956	0.0439393421382529
Group1.1	228022	-3.09957087528655	0.0019380120376532	0.0483742127089049
Group1.1	1136298	-6.00716786798385	1.88792020753419e-09	4.25096700063114e-07
Group1.1	1359975	4.28908725785652	1.79408883249034e-05	0.00110173364213384
Group1.2	338467	3.17886370499383	0.00147853596034606	0.0397512852224384
Group1.2	752873	-4.89460570734314	9.85030195595324e-07	9.72373913403263e-05
Group1.2	752891	-5.52839446171247	3.23174747567097e-08	5.29389599637481e-06
Group1.3	281558	3.53041274765983	0.000414911841117951	0.0154101964907313
Group1.7	442737	-3.24403612230142	0.00117848799965404	0.0340564125675425
Group1.7	451083	4.79882760332309	1.59597091402261e-06	0.000144951711250053
Group1.8	274259	3.44261055113331	0.000576128332379471	0.020021848927194
Group1.9	197944	-4.16510155937798	3.11213995682015e-05	0.00175187545069334
Group1.10	228595	4.30534229304712	1.66727733666228e-05	0.00104161465055757
Group1.10	338465	-5.30730360983433	1.11258774815728e-07	1.48454918297331e-05
Group1.10	359688	-4.66049516540947	3.1544957073723e-06	0.000248859778140729
Group1.10	786691	-9.18948592288511	3.94723214065586e-20	5.33271062202607e-17
Group1.21	130211	-3.55619412627688	0.000376266092991805	0.0141696304287645
Group1.21	568836	3.57885409810123	0.000345104053379325	0.0133210164604419
Group1.21	568978	4.76421850323886	1.89586978959963e-06	0.000166589924276364
Group1.21	577422	3.21021745343137	0.00132634592130624	0.0370417227841803
Group1.21	599384	-4.15964024372947	3.18749255164532e-05	0.00178499582892138
Group1.21	608231	-3.78512703919112	0.000153630077860226	0.0068306428047764
Group1.22	205725	3.76213259857203	0.000168470683788638	0.00728332460155039
Group1.22	414035	-3.47805822493874	0.000505060204597475	0.0179562193792418
Group1.22	531050	-3.24988505957917	0.00115451661118723	0.0339559236831656
Group1.22	560311	-3.17563813475765	0.00149507321869803	0.0400961571902935
Group1.29	172249	-3.96442796043402	7.35721601489513e-05	0.00375079201363144
Group1.29	173411	-3.60827149482419	0.000308243834577873	0.0121508193335378
Group1.29	532554	-4.89368583471877	9.896477653068e-07	9.72373913403263e-05
Group1.29	532626	-3.52850822572055	0.000417908958700292	0.0154155632274155
Group1.29	647450	8.51034633591198	1.73414586954927e-17	1.70387714164441e-14
Group1.29	654155	-3.79420458682975	0.000148117510905907	0.00664254795797115
Group1.29	654421	3.11473290734951	0.00184111540227441	0.0467107400652155
Group1.34	341032	-3.18140099403751	0.0014656460908032	0.039701009898248
Group1.35	490905	-6.7068271525899	1.9890162483499e-11	5.81007773301777e-09
Group1.35	490971	-3.10788392339403	0.00188432061607524	0.0474943087800298
Group1.37	160938	-4.46845106662815	7.8788030692121e-06	0.000552948724493795
Group1.37	181969	-3.53621416497526	0.00040590548743149	0.0151800225195832
Group1.41	91854	3.15351594471917	0.00161316415708056	0.0423181509944823
Group1.41	497351	-5.27613731881785	1.31935240273639e-07	1.71801936973191e-05
Group1.41	1032049	-5.63202683850211	1.78103957982751e-08	3.31887513427168e-06
Group1.42	213102	3.33368110011041	0.00085704858113628	0.0273244279201207
Group1.43	900329	-3.26354352376316	0.00110028282793781	0.0332174771071281
Group2.7	220081	-3.37482598596254	0.000738623792654055	0.0243385547286739
Group2.7	951097	5.01560293800216	5.28674098432832e-07	5.54748510277868e-05
Group2.15	1075131	-3.6964403433548	0.000218643607141453	0.00901946605337721
Group2.19	3096	5.57097692913425	2.53314874475258e-08	4.56304527221431e-06
Group2.19	3421	-7.40665149777095	1.295282566124e-13	5.38438999025698e-11
Group2.19	4041	-3.49282067738626	0.000477947347941689	0.0171048176707079
Group2.19	20294	5.88741208832047	3.92289715855793e-09	8.15359086340271e-07
Group2.19	20616	-3.79990223548551	0.000144753182553894	0.00658627847652354
Group2.19	80027	3.64732037461758	0.000264989437556983	0.0106074290411699
Group2.19	80111	-3.33230908885969	0.000861285406690491	0.0273787431632671
Group2.19	80201	-4.29203784243875	1.7704076618839e-05	0.00109340377197949
Group2.19	125880	-3.08821820980275	0.00201360557538928	0.0496186320052511
Group2.19	627092	-3.15505682488284	0.00160466848131103	0.0421977054647436
Group2.19	1024665	-4.29261611454422	1.76580153126427e-05	0.00109340377197949
Group2.19	1225442	-7.34275872823535	2.09235516299829e-13	8.37562022284648e-11
Group2.19	1227512	5.42454484960264	5.8102400562001e-08	8.37294327032142e-06
Group2.19	1233792	-4.50913185627928	6.50934444408978e-06	0.000472167750011559
Group2.19	1332907	-3.08698190522481	0.00202199904656929	0.0496457005126055
Group2.19	1332920	-3.16986305075179	0.00152510800238332	0.0406996723203924
Group2.19	1333034	-3.08596887556256	0.00202890058694528	0.0496457005126055
Group3.3	628012	-4.47417889555214	7.67055023290987e-06	0.000541851679197973
Group3.4	455804	-3.28242386237393	0.00102918774737387	0.0313760757141155
Group3.4	702060	-8.26027891310237	1.4533247171512e-16	1.2082718109977e-13
Group3.5	764988	3.0963746781872	0.00195902651546505	0.0487860796754522
Group3.5	765493	-5.94209222348841	2.81407016310049e-09	5.96362163191963e-07
Group3.7	35586	-3.62504232842506	0.000288914127005849	0.0114800878113206
Group3.7	79733	3.96499484526869	7.33975331893798e-05	0.00375079201363144
Group3.7	79744	4.19190554037429	2.76621175492307e-05	0.00159878163888816
Group3.7	140684	4.85830497712057	1.18394946501874e-06	0.000111270659286283
Group3.7	285245	6.71166827282926	1.92411730363079e-11	5.77662772712266e-09
Group3.8	955234	4.6109900260016	4.00755768087536e-06	0.000307189244077311
Group3.8	955320	3.50982041050108	0.000448409442595456	0.0162631183072875
Group3.8	955358	3.87326135508291	0.000107388558139993	0.00518971022270695
Group3.8	955372	5.7000224005441	1.19791686125069e-08	2.35401553389045e-06
Group3.8	955503	5.24898999746584	1.52935378356806e-07	1.94461831680043e-05
Group3.8	955525	7.63906870940935	2.18798529432618e-14	1.07489750277624e-11
Group3.8	955558	9.03399594020985	1.65514861702894e-19	1.98764958364986e-16
Group3.8	955581	6.20310932761654	5.53583535197518e-10	1.35980246554881e-07
Group3.8	955634	7.33611800869094	2.19878165560572e-13	8.48729719063807e-11
Group3.8	955733	5.54090109895436	3.00919142954367e-08	5.08177202664187e-06
Group3.8	955741	5.9565411745896	2.57632225909519e-09	5.68263081148996e-07
Group3.8	955752	5.17250939855671	2.30970877929433e-07	2.80486881872058e-05
Group3.8	955807	5.14161526416339	2.72386461903062e-07	3.19994878287858e-05
Group3.8	955846	3.79765745636742	0.00014606998935436	0.00660554161063567
Group3.8	955861	4.00651507612708	6.16211937888188e-05	0.00321740030178528
Group3.8	955896	5.20463341500356	1.9437993435568e-07	2.44285852385603e-05
Group3.8	955905	4.36537025029047	1.26907614516301e-05	0.000826275601019385
Group3.8	956222	4.9230347480436	8.52123146343012e-07	8.6072401548367e-05
Group3.8	956227	6.34124770364008	2.27911753794185e-10	6.15817558751889e-08
Group3.8	956253	4.75685639115991	1.96630945917115e-06	0.000170014981077774
Group3.8	956266	4.7450254148965	2.08480158106005e-06	0.000177421539276355
Group3.8	956385	6.3060855319842	2.86180926148268e-10	7.36438916621544e-08
Group3.8	956441	3.92725224243987	8.59218564105117e-05	0.00427946278380097
Group3.8	956450	4.10799503304163	3.99108685225156e-05	0.00217856902520883
Group3.8	1129677	-8.37043170999289	5.74075237880525e-17	5.17050430917726e-14
Group3.8	1758092	-4.4846055161316	7.30489514615982e-06	0.000519416491708522
Group3.9	423307	-3.43558921609808	0.000591266747156993	0.0203516273989579
Group3.9	423421	-3.22042604613698	0.00128000213206979	0.0361207912360581
Group3.9	973803	-5.48391248901448	4.16020626105196e-08	6.47770897849988e-06
Group3.14	59761	-5.26236110276272	1.42217096920146e-07	1.82985998037255e-05
Group3.14	59775	-7.58255767799459	3.3880838102451e-14	1.5921047748317e-11
Group3.14	59788	-7.05101242505146	1.77620632396216e-12	5.99913685918219e-10
Group3.14	59808	-8.20873869105434	2.23524091744403e-16	1.72560598826679e-13
Group3.14	59830	-7.80331545838399	6.03015610129541e-15	3.25869635714004e-12
Group3.14	60407	-3.16627928310501	0.00154402471818582	0.0411030028427397
Group3.14	61080	-4.22898684881667	2.34746066232737e-05	0.00138214547550541
Group3.14	61094	-3.90772612212653	9.31688314981784e-05	0.00457713059469233
Group3.15	347548	-3.21425355781198	0.00130784127700218	0.0366195557560611
Group3.15	347601	-4.85637376292515	1.19554939150257e-06	0.00011139222261517
Group3.15	376503	-4.76050791753781	1.93106358162262e-06	0.000168313993469172
Group3.15	377312	3.45823755768681	0.000543721722330108	0.0190796895290383
Group3.15	379249	4.4153654215975	1.00839499432487e-05	0.000676939944016348
Group3.15	465944	12.3265586781625	6.51710239237736e-35	2.34789475522715e-31
Group3.15	474819	3.13622942875229	0.00171135267470087	0.0439393421382529
Group3.15	474951	-4.35933557333648	1.30457932735195e-05	0.00083992691213217
Group3.15	474986	4.70905373602607	2.48869459793556e-06	0.000203771297079451
Group3.15	475462	4.06228476035062	4.85947473526148e-05	0.0026000595514211
Group3.15	475501	6.85971829696517	6.89964697424434e-12	2.13061098564665e-09
Group3.15	481556	3.09223318291006	0.00198656731563644	0.0493582058560889
Group3.15	482784	-3.23098619282806	0.00123363898906039	0.0354358483541985
Group3.15	537337	-3.98492127793341	6.75025003852635e-05	0.00347412868649489
Group3.15	541646	-11.4057224588434	3.91513294467065e-30	8.46295137320007e-27
Group3.15	685031	4.78299243917374	1.72704624264922e-06	0.000152999309758629
Group3.15	766396	-4.53239422476254	5.83188807586568e-06	0.000428782628054124
Group3.15	766477	-3.37823791766627	0.000729519340209563	0.0241120643088225
Group3.18	200099	3.57494242169979	0.000350304980458544	0.0134736520597721
Group3.18	200144	4.18898904733534	2.80199921663292e-05	0.00161085146454088
Group3.18	201720	5.11599979878996	3.12083391535649e-07	3.62687881259924e-05
Group3.19	16596	3.36652720374239	0.000761210737757101	0.0249308050111477
Group4.1	329430	-3.26661859440567	0.00108840208978989	0.0329508397379529
Group4.6	183118	3.30952614616291	0.000934540371223656	0.0292768473396674
Group4.6	191450	4.63758686139171	3.52500487494504e-06	0.000276074294843522
Group4.7	211357	3.16363568701149	0.00155811702112913	0.041274825402852
Group4.9	2152451	3.47451687466367	0.000511774173334477	0.0180759975993432
Group4.11	222972	4.16609488144049	3.0986177919278e-05	0.00175187545069334
Group4.13	42032	-3.24517047939157	0.00117380328411124	0.0340564125675425
Group4.13	963838	-5.06891575843818	4.0008824537329e-07	4.45789047009744e-05
Group4.13	964008	-6.2683668051497	3.64854515893744e-10	9.17057583204555e-08
Group4.13	985271	5.30012856332449	1.15721164734922e-07	1.52526140055492e-05
Group4.13	985340	4.98627812770731	6.15535183574849e-07	6.27613609818582e-05
Group4.16	240967	4.06802496682201	4.74133022065175e-05	0.00254946751367185
Group4.16	829885	3.52288750009871	0.000426872514782779	0.0156926467339193
Group5.2	727988	4.33319803891764	1.46958801039089e-05	0.000928848375222499
Group5.2	728000	3.33756146802732	0.000845170252971268	0.0271056382614643
Group5.2	728004	4.41688483234906	1.00133546825886e-05	0.000676402108808863
Group5.2	740321	-3.3394746918623	0.000839369987545312	0.0270837689991095
Group5.9	67275	-3.66446311847894	0.000247857951048584	0.0100217012169642
Group5.9	1347048	-6.33470138092278	2.37801388906748e-10	6.2686766129369e-08
Group5.11	576128	-3.79524538950902	0.000147497496220018	0.00664230391310816
Group5.14	768301	3.38520140857046	0.000711260451998284	0.0235895884063595
Group5.14	1221933	-3.12095881400269	0.00180263243693381	0.0460587503035004
Group5.14	1225559	3.85151141439908	0.000117391057305252	0.00554044780504439
Group5.14	1226259	4.69862728253702	2.61915937845667e-06	0.00021125279524149
Group5.14	1493983	3.15698469683964	0.00159409712008082	0.042021955302033
Group5.14	1953566	-3.1828874405424	0.00145814287102475	0.039701009898248
Group5.14	2263679	-5.40261966457427	6.56746157866585e-08	9.3312030060873e-06
Group5.14	2284152	-4.72429913117015	2.3091032166832e-06	0.000191975288968554
Group5.14	2284161	-4.2733476048513	1.92559908679633e-05	0.00116267457710027
Group5.14	2285198	-4.22804557433628	2.35730050347978e-05	0.00138214547550541
Group5.14	2421329	4.45119574913304	8.53934558024265e-06	0.000587855076632246
Group5.14	2448090	-5.16839291149202	2.36115515619034e-07	2.83548499201169e-05
Group5.14	2533003	4.67882608463871	2.88522034278502e-06	0.000229290157829562
Group5.14	2533029	5.0099534891888	5.44431915555238e-07	5.65790398396251e-05
Group5.14	2533034	4.55178017196833	5.31939000415338e-06	0.000396496325275102
Group5.14	2654644	-3.78583954758828	0.000153190500366701	0.0068306428047764
Group5.18	194856	3.45627520508463	0.000547695824689491	0.0191569465153528
Group5.18	195131	4.35916677889579	1.30558587378058e-05	0.00083992691213217
Group5.18	195144	3.59643032601045	0.000322613942320165	0.0125424873690516
Group5.18	195163	5.08955880298901	3.5889755648399e-07	4.12655828774358e-05
Group5.18	321683	-3.84706043308098	0.000119543490376265	0.00561750453907247
Group5.18	321704	-4.11194735979933	3.92335765938662e-05	0.00215246952196196
Group5.18	321712	-4.56237812566143	5.05774530845762e-06	0.000379611883984792
Group5.18	533524	-5.0250068178466	5.03414651900519e-07	5.38703520568397e-05
Group5.18	533545	-6.4076481871667	1.47781427587773e-10	4.20321491939118e-08
Group5.18	626699	-3.84561154790103	0.000120252142363128	0.00562634266086877
Group5.18	626715	-3.71138595237147	0.000206127535605766	0.00857203759265092
Group5.18	626727	-3.40403866786332	0.000663973533504988	0.0224960061132348
Group5.18	626798	-4.32320783230604	1.53776743337125e-05	0.000966290140690495
Group5.20	224049	5.31363596481688	1.07459188589657e-07	1.45177363784627e-05
Group5.20	224297	-6.88674406668641	5.7083784761215e-12	1.81459278146827e-09
Group5.20	224299	-7.31789363573697	2.51893386585319e-13	9.3878059386694e-11
Group5.20	412063	-3.6426130283245	0.000269884409145686	0.0107635080961128
Group5.20	423554	3.20646527799273	0.00134376520772602	0.0373352554372824
Group5.20	476442	5.47991335406743	4.25534176048752e-08	6.47770897849988e-06
Group5.20	675632	-4.22538683464272	2.38530671580111e-05	0.00138604274109562
Group6.2	489861	4.07437771829412	4.61375474723563e-05	0.00249327306540613
Group6.2	564715	-3.30725696862953	0.000942144232320427	0.0294297539390728
Group6.2	566002	3.5166768028809	0.000436985519551559	0.0160099643908924
Group6.16	156124	3.75897147759196	0.000170613284309005	0.00734656723829375
Group6.20	808472	3.37034462360732	0.000750742300834188	0.0246626832444253
Group6.20	879252	-5.05219694033193	4.36757015194641e-07	4.72046982022368e-05
Group6.20	879263	-4.4300079025739	9.42296351460481e-06	0.000644578415606638
Group6.20	900325	3.75338985038717	0.000174459211440334	0.00748236173510767
Group6.20	900627	3.25195278097896	0.00114615061057894	0.0339559236831656
Group6.31	221095	3.31096108735533	0.000929761366791658	0.0292118048031519
Group6.31	250202	3.10774868185389	0.00188518305575803	0.0474943087800298
Group6.32	346313	-4.14037073980523	3.46744955400107e-05	0.0019317626175074
Group6.32	346318	-3.28458007547926	0.00102134470574271	0.0312710866279524
Group6.32	346331	-3.78151689821815	0.00015587563895093	0.00684838986090104
Group6.36	25508	-3.38566612142241	0.000710057176349697	0.0235895884063595
Group6.36	194763	-3.21546356668057	0.0013023402522294	0.0365602427171309
Group6.36	194767	-3.69287140841266	0.000221736159745497	0.00911226013129024
Group6.36	200995	5.55335994596337	2.80230202255383e-08	4.88504520318738e-06
Group6.36	201138	3.19514108805631	0.00139762498521686	0.0383389107619894
Group6.37	401246	-3.28873023999278	0.00100640432187635	0.0309011872467033
Group6.37	683921	-3.48123218644901	0.000499112628811498	0.0178033309973422
Group7.2	103496	-4.79269345536235	1.64556965031763e-06	0.000148210973171942
Group7.2	103500	-5.63541813427711	1.7463408987319e-08	3.31887513427168e-06
Group7.5	392222	-7.5194190055812	5.50201904719546e-14	2.47774257758702e-11
Group7.5	392278	-5.56522274337302	2.61817758020473e-08	4.63889562079552e-06
Group7.5	758023	-3.14102721515604	0.00168356387115566	0.0437402844217558
Group7.5	759936	3.28966400642593	0.00100307080961333	0.0308865792316263
Group7.6	171019	-4.3911219019799	1.12767292975988e-05	0.000747723253057964
Group7.6	171090	-4.22723442166145	2.36581155596318e-05	0.00138214547550541
Group7.6	209101	4.7105236203065	2.47081160595243e-06	0.000203771297079451
Group7.6	246685	-7.91502348172625	2.47206431377305e-15	1.58609064939327e-12
Group7.6	246708	-6.14450585614539	8.02128310269002e-10	1.92653395053053e-07
Group7.9	315359	3.90370960014062	9.47294369454473e-05	0.00463274097061717
Group7.9	315754	3.19770106857989	0.00138527799608072	0.0380969073324184
Group7.12	270484	-4.86307905428483	1.1557366037323e-06	0.000109571940466129
Group7.12	270500	-7.20112420211437	5.97181180971666e-13	2.08204329159412e-10
Group7.12	451468	-3.1229892341923	0.00179024296236788	0.0458505827897441
Group7.12	451483	-3.60447838971862	0.00031278047155814	0.0122483019442043
Group7.12	452912	-4.87603801516691	1.08237758347591e-06	0.000103942796542594
Group7.17	530244	-3.84210419158486	0.000121984029930366	0.00568277325641119
Group7.17	556591	3.33943942978325	0.000839476555764403	0.0270837689991095
Group7.19	65170	-4.45636654513326	8.3360454059005e-06	0.000581264379012727
Group7.21	31824	-3.25085986468054	0.00115056554284089	0.0339559236831656
Group7.21	1500035	-3.20115711281102	0.00136876876111759	0.0378354290796904
Group7.24	1224796	-3.45359995923803	0.00055315725993544	0.0192855602109104
Group7.24	1224842	-4.62953642680854	3.66485255098073e-06	0.00028496206022302
Group8.1	53774	3.22069679129905	0.00127879363346435	0.0361207912360581
Group8.4	86761	-3.22571433333167	0.00125658709200728	0.0357399823431965
Group8.4	86939	-3.7112833477159	0.000206211118994193	0.00857203759265092
Group8.5	141730	-3.3019167855419	0.000960265539501581	0.029823419399233
Group8.6	1590809	3.25802858194407	0.0011218910608503	0.0336816627379723
Group8.6	1590850	3.46361665757575	0.000532965439935852	0.0187631611557873
Group8.6	1615624	-3.92863921099358	8.54278927193933e-05	0.00427455863199631
Group8.6	1615712	3.65742432057815	0.000254762444838286	0.0102359572632424
Group8.6	1623904	-4.18710489978947	2.82535263384362e-05	0.00161568313579798
Group8.6	1669970	5.42968598433014	5.64532942934189e-08	8.24523249626042e-06
Group8.6	1670607	3.24914616462947	0.00115751984236118	0.0339559236831656
Group8.6	1670685	7.27600540646249	3.43849813986393e-13	1.23877626318831e-10
Group8.6	1670802	3.3381010288245	0.000843530729687507	0.0271056382614643
Group8.7	29845	4.13484247579207	3.55198190078981e-05	0.0019687087376275
Group8.8	554722	3.56490757737704	0.000363984426531006	0.0139008610669509
Group8.8	555308	3.22945940685895	0.00124024486816844	0.0354618162305938
Group8.8	559841	3.21721251355043	0.00129442680303753	0.0364327210604938
Group8.8	651434	3.86457927518535	0.000111280844409204	0.00534543718388745
Group8.8	651450	4.57026787408759	4.87101188215885e-06	0.000368153121834775
Group8.8	651623	4.68154789350728	2.84716858743062e-06	0.000227942208095927
Group8.8	757933	3.86161887061727	0.000112638185525554	0.00536296700070567
Group8.8	884023	3.38509777944079	0.000711529035943116	0.0235895884063595
Group8.9	9686	-4.74205008516685	2.11566299949839e-06	0.000178641294520145
Group8.9	9762	3.68801931826272	0.000226006495205605	0.00921765358559311
Group8.11	386573	4.0433779862568	5.26865796731676e-05	0.00279135565248821
Group8.11	434682	3.66379821395728	0.00024850258384034	0.0100217012169642
Group8.12	182599	-4.27515601657178	1.91003492185978e-05	0.00116267457710027
Group8.14	37607	-4.75312237364691	2.00299029673632e-06	0.000171812056564494
Group8.14	37616	-5.02298136131627	5.08754836198211e-07	5.39080614669634e-05
Group8.14	37619	-5.40043693805755	6.6478777893109e-08	9.3312030060873e-06
Group8.14	99394	3.1195789135638	0.00181109741207682	0.0461658981833166
Group8.21	565382	-3.32960518573787	0.000869692078101241	0.0275445637160072
Group8.21	766595	-3.41909429839024	0.000628299484310409	0.0214216429855738
Group9.10	211488	-3.26163162680358	0.00110772991139733	0.0333491500902016
Group9.10	704855	-3.15882234263493	0.00158408022513336	0.0418599977340865
Group9.10	742001	5.45159844444406	4.99190748272706e-08	7.39075836620741e-06
Group9.10	810936	-4.6991452896705	2.61252551730498e-06	0.00021125279524149
Group9.10	810953	-4.51359603005466	6.3737569542375e-06	0.000465456521360804
Group9.10	810991	-3.55226449788422	0.000381930732594909	0.0143330116593256
Group9.10	812731	-5.83846970876345	5.26824584282491e-09	1.07432454847645e-06
Group9.10	1029961	-3.68831680501168	0.000225742470724571	0.00921765358559311
Group9.10	1691136	-4.8408428568763	1.29289582761538e-06	0.000119432633374932
Group9.10	1735697	3.8728755404032	0.000107558761092372	0.00518971022270695
Group9.10	1746079	3.43044855630551	0.00060258422113849	0.0206753341652851
Group9.10	1783618	-7.84281284647059	4.40564370286681e-15	2.64534428558803e-12
Group9.10	2514302	-3.71659650528305	0.000201924533948183	0.0084589161353177
Group9.10	2514333	-3.74568820114265	0.000179899919670625	0.00762493463451024
Group9.10	2520107	-3.57159181257641	0.000354818118207942	0.0135988447574164
Group9.12	516351	-3.7994208374786	0.000145034629664378	0.00658627847652354
Group9.12	718145	-3.19995782593961	0.00137447698276131	0.037896293953276
Group9.12	1066632	-3.49579508179175	0.000472651526516985	0.0170280589953186
Group9.12	1090083	-3.23301032879995	0.00122493133784801	0.0353041543985633
Group9.12	1250599	-3.57885802234167	0.000345098872206783	0.0133210164604419
Group9.12	1271226	3.29519573497709	0.000983531475079468	0.030458476168077
Group9.12	1314887	-4.61431430852199	3.94395202462836e-06	0.000304473096301309
Group10.21	246667	4.50715757722012	6.57018406572607e-06	0.000473403662549116
Group10.23	527147	-6.13980055557727	8.26251533960619e-10	1.94133186501008e-07
Group10.23	1259809	3.91156186319471	9.1701159804387e-05	0.00452559879071148
Group10.24	1031561	3.08795164675848	0.00201541260643091	0.0496186320052511
Group10.25	34081	7.82729412808937	4.98481963736115e-15	2.83557529687365e-12
Group10.25	62938	-3.43979061271994	0.000582164394554675	0.0201211862903839
Group10.25	82850	-3.14161845180957	0.0016801683047896	0.0437402844217558
Group10.25	82932	3.85999105195873	0.000113391177175246	0.00537513966188624
Group10.25	82949	4.04161829498138	5.30835906613129e-05	0.00279867047740229
Group10.25	88188	-4.90244299760209	9.46520856516576e-07	9.47221983076959e-05
Group10.26	215811	-3.18978501996208	0.00142378664257258	0.0389576861593023
Group10.26	308440	-5.50384225803163	3.71602063579429e-08	5.9599310008002e-06
Group10.26	936886	3.17953205533496	0.00147513052858014	0.0397512852224384
Group10.26	1131253	5.94639788706505	2.74107394494551e-09	5.92510543939421e-07
Group10.26	1131341	-3.8048934496252	0.000141865245531206	0.00649694734619183
Group10.26	1467899	4.80631044732284	1.53741108239185e-06	0.000140816432021111
Group10.26	1485252	3.40526015187919	0.000661010503755995	0.0224660425301723
Group10.26	1502460	-3.50764116662331	0.000452098416197976	0.0163420725159456
Group10.26	1583164	3.38645844589592	0.000708009980408226	0.0235895884063595
Group10.26	2178603	-3.25145568232566	0.00114815673967983	0.0339559236831656
Group11.1	513976	-3.33518411615076	0.000852429396274837	0.027257564837096
Group11.1	518443	-3.47614333265183	0.000508680342362686	0.0180256299680522
Group11.1	579981	3.5135804560503	0.000442110500444443	0.0161430077324444
Group11.1	580092	4.89030729273958	1.00678680991725e-06	9.80301967710419e-05
Group11.3	125984	5.71947858332798	1.06851440973003e-08	2.13861180377077e-06
Group11.3	126294	-3.10088789357448	0.00192941322836015	0.0483114709581848
Group11.3	393740	3.32899525630449	0.000871598888866993	0.0275445637160072
Group11.3	394625	-3.35374493804892	0.000797258164833822	0.0258761749114833
Group11.3	394627	-4.0046554364994	6.21079422441282e-05	0.00322722422968528
Group11.3	394779	-5.06661469135591	4.04952801277058e-07	4.46605089408413e-05
Group11.3	394795	-4.87524324006027	1.08674463446642e-06	0.000103942796542594
Group11.4	16466	-3.10064009152086	0.00193102844688526	0.0483114709581848
Group11.6	14628	-4.72725060688897	2.27580319057466e-06	0.000190673495222721
Group11.6	14823	3.24481519492984	0.00117526869871747	0.0340564125675425
Group11.6	240028	3.13865810244125	0.00169723348688905	0.0439054481409796
Group11.6	1406415	3.28204273830089	0.00103057983701989	0.0313760757141155
Group11.8	421526	-5.48043299353912	4.24286184390309e-08	6.47770897849988e-06
Group11.8	421537	-5.50224885829963	3.74977154010375e-08	5.9599310008002e-06
Group11.8	432200	-3.62345466545222	0.000290694173926128	0.0115085078087677
Group11.8	434762	-3.38672265348435	0.000707328545117684	0.0235895884063595
Group11.16	739654	-3.36284163844943	0.000771446043169722	0.0251896943642851
Group11.16	975787	-5.07614032487002	3.8517887582906e-07	4.33647217704216e-05
Group11.18	439097	-3.10681970848188	0.00189111695474604	0.0475330047602213
Group11.18	2746418	-3.82446004358309	0.000131058997653498	0.00607933753922319
Group11.18	3310967	6.37728114713228	1.80259370592732e-10	4.99549558299039e-08
Group11.18	3532058	-3.22572863317479	0.00125652431600012	0.0357399823431965
Group11.18	3533911	3.31530307600149	0.000915438144956296	0.0288456427716841
Group11.18	3533984	-3.666549721064	0.000245845135098903	0.00998907601559753
Group11.18	3535592	3.78365649088021	0.000154541079977969	0.0068306428047764
Group11.18	3537414	9.29429482946202	1.48185200640035e-20	2.28797949788214e-17
Group11.18	3672329	-4.12983195855608	3.63028480092587e-05	0.00200184276165341
Group11.18	4162610	4.40386993497056	1.06336711306718e-05	0.000709436528273464
Group11.18	4162615	5.63380747241185	1.76273804290996e-08	3.31887513427168e-06
Group11.18	4730904	3.23042622464364	0.00123605799681096	0.0354358483541985
Group11.20	28216	3.49424135515391	0.000475411014663702	0.0170705722474594
Group11.20	49168	4.45363575736362	8.44282828017837e-06	0.00058493646187287
Group11.20	49176	3.24927019291956	0.00115701522687615	0.0339559236831656
Group11.20	57317	-3.55958024820868	0.000371448019434894	0.0140758157593325
Group11.20	57458	-3.8053435895311	0.000141607477776862	0.00649694734619183
Group11.20	57473	-6.97633049708031	3.02989497645841e-12	9.92336512289771e-10
Group11.20	67810	-3.96242096772168	7.41935709455268e-05	0.00376471415389321
Group11.20	67824	-5.36304761108125	8.18294261060537e-08	1.11950941437244e-05
Group11.20	130599	-4.00175961547911	6.287315803801e-05	0.00325135450753499
Group11.20	555905	4.27380040627352	1.92169073692102e-05	0.00116267457710027
Group11.20	584916	-4.23636287386977	2.27169546115868e-05	0.00135649085879574
Group11.20	585672	3.76574279407692	0.000166054668728856	0.00720770626354008
Group11.20	585838	-7.9318086410809	2.1597705592061e-15	1.55618668025997e-12
Group11.20	586037	3.74982121829464	0.000176960687987598	0.00754908596931977
Group11.20	590258	-3.28978434103117	0.00100264196373254	0.0308865792316263
Group11.20	646903	3.24433664851496	0.00117724519453835	0.0340564125675425
Group11.20	906241	-5.47502637672585	4.37446447432418e-08	6.56655722756885e-06
Group11.20	955792	3.17474672804854	0.00149967335643928	0.0401199743475141
Group12.16	140888	4.23282600724801	2.30773040390987e-05	0.00137043682447571
Group12.16	384885	4.99012303523267	6.03408467635974e-07	6.21108449353296e-05
Group12.17	2676493	-3.1817485595447	0.00146388848451419	0.039701009898248
Group13.7	150038	3.11128303754676	0.00186276301993981	0.0471492803735586
Group13.10	1108879	-4.17753827005538	2.94681094113025e-05	0.00167627013956504
Group13.10	1108947	3.16494328279445	0.00155113184109251	0.0411907443207071
Group13.10	1116455	3.81178939358813	0.000137964405597036	0.00637230468244772
Group13.12	408277	-8.62293505524668	6.52594705555188e-18	7.05324357764047e-15
Group13.12	412598	-3.18012523191316	0.00147211418366558	0.0397512852224384
Group13.12	1146097	3.56367729841292	0.000365695490389981	0.0139170311976582
Group14.7	3985	3.39987302349053	0.000674171524688655	0.0227701432463593
Group14.9	1231270	3.2487085357072	0.00115930198363139	0.0339559236831656
Group14.14	18555	3.43953698897418	0.000582710150711526	0.0201211862903839
Group14.14	800019	-3.7268089640023	0.000193919324054276	0.0081551753088662
Group14.14	944403	-5.20053005753448	1.98720977456422e-07	2.46870841879197e-05
Group14.14	956244	3.94518010631555	7.97400206584503e-05	0.00402724366017071
Group14.14	956254	3.14262047810205	0.00167442789170427	0.0437130837042024
Group14.14	956537	3.20775260701019	0.00133776520318692	0.0372643461753717
Group14.14	1007427	-4.42270244555584	9.74739425940257e-06	0.00066257759217373
Group14.14	1009362	4.24028952545629	2.23231666227738e-05	0.00134038213810522
Group14.14	1009690	-3.13851789858405	0.00169804564423848	0.0439054481409796
Group14.14	1009739	-3.3023027349321	0.000958945118637903	0.029823419399233
Group14.15	23378	3.08576497266844	0.00203029234146666	0.0496457005126055
Group14.15	44722	5.52833927626274	3.23276402443318e-08	5.29389599637481e-06
Group14.15	222176	-3.24633332122384	0.00116901879797355	0.0340564125675425
Group14.15	226841	-3.25660226186595	0.00112754306736564	0.033757577485008
Group14.15	227703	-3.35749205313854	0.000786530043891958	0.0256048696216394
Group14.15	611068	3.52917597096377	0.000416855843835069	0.0154155632274155
Group15.3	106320	3.13737761268381	0.00170466425416975	0.0439393421382529
Group15.19	904042	-5.55047032489185	2.84902071299866e-08	4.88765331207771e-06
Group15.19	954348	-3.18167533833741	0.00146425859573656	0.039701009898248
Group15.19	1691643	-3.51240704371969	0.00044406731526446	0.0161598637824185
Group15.19	1909894	-5.19107859770258	2.09079336880071e-07	2.56787440113615e-05
Group15.19	2311380	3.77089135067611	0.000162665488302188	0.00711776760149816
Group15.19	2311452	5.05944769524273	4.20472593244578e-07	4.59037150281555e-05
Group15.19	2313482	-4.01941714551613	5.83422941293232e-05	0.00306098793664915
Group15.19	3489021	-3.74918256629622	0.000177411901943673	0.00754908596931977
Group15.19	3489031	-3.42133882480607	0.000623136472692353	0.0213128449267688
Group15.19	3492823	-4.10089339821168	4.1155813185117e-05	0.0022352363261545
Group16.2	683868	7.42610512666785	1.1184211919889e-13	4.83515849720643e-11
Group16.2	685393	-3.08921909240442	0.00200683385589252	0.0496186320052511
Group16.2	685419	-3.53238006807323	0.00041183698563723	0.0153487384164386
Group16.4	1441984	3.08977769588715	0.00200306357885708	0.0496186320052511
Group16.4	1445551	-3.88538525945501	0.000102167738653346	0.00497400414128543
Group16.5	283367	3.55885679008857	0.000372472548775822	0.0140758157593325
Group16.5	403467	-4.38763226077401	1.14591310740885e-05	0.000755184686882614
Group16.5	406101	3.22057611440837	0.00127933215689159	0.0361207912360581
Group16.5	441049	-6.10814662404071	1.0079473589009e-09	2.31785001170232e-07
Group16.5	498338	3.24919431716749	0.00115732390713073	0.0339559236831656
Group16.5	498934	-4.53467905019336	5.76911439693617e-06	0.00042707252330196
Group16.5	498948	-4.05019337967796	5.11753248779318e-05	0.00272464488315609
Group16.5	501602	3.60324082300378	0.000314274102135296	0.0122623628010046
Group16.5	502311	9.33600105114403	1.000413574828e-20	1.80207831945684e-17
Group16.5	515335	-3.27045123887725	0.00107376052145024	0.0325988868422308
Group16.5	515343	-3.91673082011125	8.97578745169404e-05	0.00445001425586739
Group16.5	515370	-5.37922805073393	7.48059008686239e-08	1.03654125203601e-05
Group16.5	515645	-13.9302954677662	4.14636631604404e-44	4.4813927143804e-40
Group16.5	515665	-12.8922695235209	4.9757645281167e-38	2.68890315099427e-34
Group16.6	145798	-4.34759002510669	1.37641580758614e-05	0.000875076591081823
Group16.6	147230	-3.14717772017424	0.00164854728067155	0.0431416440907945
Group16.6	147893	3.2038583245691	0.00135599185453932	0.0375783588816949
GroupUn9	177604	-3.69865953547815	0.000216741101129785	0.00897524069352763
GroupUn9	177612	-4.37604025927624	1.20854701851126e-05	0.000791634919761802
GroupUn10	20877	-3.86272270874815	0.000112130261630216	0.00536240649424503
GroupUn10	42413	-3.73160899020764	0.000190260660626568	0.00803256726582793
GroupUn12	77826	3.39369266251725	0.000689570339351034	0.023217682952355
GroupUn12	77830	3.11624794917783	0.00183168189926455	0.0465807481582383
GroupUn54	34825	3.76776987733327	0.000164712431925733	0.00717827404940857
GroupUn54	217399	-4.78708419211287	1.69221857532412e-06	0.000151152879025646
GroupUn64	57228	-5.15402106968611	2.54959277093503e-07	3.02813172178746e-05
GroupUn106	12310	-3.78317622948738	0.000154839700885475	0.0068306428047764
GroupUn106	33860	4.49211870195063	7.05180984013394e-06	0.000504741461934885
GroupUn106	33903	12.1117117370789	9.15631521325877e-34	2.47403637062252e-30
GroupUn106	34543	5.61853743058675	1.92580678152981e-08	3.52781689741934e-06
GroupUn106	34577	7.91388557003372	2.49477618797979e-15	1.58609064939327e-12
GroupUn128	19802	-7.68644547380148	1.51279115188945e-14	7.78583179505771e-12
GroupUn162	7691	3.92992133335378	8.49736574563392e-05	0.00427160599901449
GroupUn162	13262	-4.35090603511272	1.35576146975508e-05	0.000867045560065854
GroupUn165	40798	4.58562338697743	4.52633867961112e-06	0.000344511749642514
GroupUn245	10995	5.07792482657812	3.81579603024185e-07	4.33647217704216e-05
GroupUn2002	11772	-3.60749554050881	0.000309166850177914	0.0121508193335378
