chr	pos	stat	pvals	fdrs
Group1.1	226023	5.83409923992014	5.40819271343733e-09	5.3137951678937e-07
Group1.1	226035	5.14180669580344	2.72109008190653e-07	1.62483655277601e-05
Group1.1	1142269	9.36154172349431	7.85815547395938e-21	4.24654721812765e-18
Group1.1	1142272	8.17941708758869	2.85220246265759e-16	8.33151465308195e-14
Group1.1	1359975	3.28395602406953	0.00102360893235057	0.0193074438758202
Group1.2	338449	4.23718754018555	2.26337076885219e-05	0.000759705318936476
Group1.2	338458	3.02265079901493	0.00250571203751501	0.0388267792517775
Group1.2	338467	3.01076920025709	0.0026058684254631	0.0401199799749362
Group1.2	762763	8.099850678097	5.5026686603325e-16	1.56507481265457e-13
Group1.2	813580	-3.61802373636842	0.000296861176105735	0.00689994750828125
Group1.3	468135	3.35577772042422	0.000791421500916131	0.0157817040256486
Group1.7	53621	5.3221857541164	1.02527798183482e-07	6.88273566936069e-06
Group1.7	294841	-4.86001237333934	1.17378416494126e-06	5.46821519598499e-05
Group1.7	295042	-5.71959870994279	1.0677592913323e-08	9.5374730749748e-07
Group1.7	439856	3.02811536617892	0.00246084122225401	0.0383791802743453
Group1.7	451106	3.69810337211946	0.000217216433108525	0.00533562547508395
Group1.8	61814	-5.13782398507708	2.77938021904712e-07	1.64619811391126e-05
Group1.8	61987	-4.13609513617632	3.53265778884831e-05	0.00110991178435676
Group1.8	274259	-3.29635573875264	0.000979479036228406	0.0186705633572427
Group1.9	197944	5.47997426084696	4.25387715408186e-08	3.02473054482347e-06
Group1.10	229246	9.53044105395843	1.56616405216931e-21	9.95711827990933e-19
Group1.10	229450	3.80676989176935	0.000140793631385536	0.00367842646910093
Group1.10	325604	-3.70021578073216	0.000215416221320978	0.00531556739734505
Group1.10	330542	3.70498729937218	0.00021140132498444	0.00522843368519869
Group1.10	338465	7.13670619813951	9.55938645692472e-13	1.98688170820082e-10
Group1.10	359634	3.77319746105218	0.000161168628208745	0.00408846335841597
Group1.10	746574	3.63840342316765	0.000274333464346396	0.0064456436579475
Group1.10	775950	3.65374612133679	0.000258441818502247	0.00612552450520238
Group1.10	1368131	-3.08518116225798	0.00203428202947251	0.03306243635269
Group1.10	1382508	-3.81198509703723	0.00013785519017715	0.00363190124308097
Group1.10	1382518	-3.32811694506984	0.000874351547239989	0.0169612724241141
Group1.14	238113	-11.370527916877	5.86318914773889e-30	7.04103870097354e-27
Group1.14	240938	-3.33468377279641	0.00085396452021011	0.0167203777797661
Group1.14	445321	-6.46957305730985	9.82802051085348e-11	1.3794966971598e-08
Group1.15	85833	3.18591958478002	0.00144294698704251	0.0255661820261565
Group1.15	1108141	3.53010277586537	0.000415398267392568	0.00918123614310607
Group1.18	17860	-3.80736083220231	0.000140457733900439	0.00367842646910093
Group1.21	370171	2.95810593504125	0.00309535728155964	0.0453314654459304
Group1.21	370303	3.00132329795483	0.00268809000607706	0.041093177914683
Group1.21	459851	-3.21498516529283	0.00130451263578619	0.0234986209459619
Group1.21	475670	-3.47397858417018	0.000512801960906304	0.0110473300765985
Group1.21	523244	6.9999021762314	2.56141288536173e-12	4.7730604249982e-10
Group1.21	541887	2.93369660748131	0.00334951441690894	0.0483331799972655
Group1.21	568836	5.81313635709762	6.13130775338541e-09	5.91671198201692e-07
Group1.21	568846	6.41061946039352	1.44929538541475e-10	1.95799806569533e-08
Group1.21	577344	-6.3608785604207	2.00603002395417e-10	2.64404542669472e-08
Group1.21	577388	-5.85022489390855	4.9090879435833e-09	4.91272430502299e-07
Group1.22	32411	4.37714699812157	1.20242882510861e-05	0.000431755838597138
Group1.22	32415	4.12183497752071	3.75866420874276e-05	0.00117409372162115
Group1.22	32437	3.42897194172405	0.000605872159500476	0.0126414407333613
Group1.22	198759	-3.59620854858149	0.000322888972685225	0.00734691371954087
Group1.22	205725	-3.14005301230842	0.00168917264673698	0.0284814008828912
Group1.22	402824	-11.6367633794513	2.6799364477086e-31	5.79295062536692e-28
Group1.22	403576	3.42993601498791	0.000603723596899566	0.0126209760837341
Group1.22	414087	-3.6922617852392	0.000222268499064579	0.00542274929546269
Group1.22	640536	4.65070829405942	3.30796949862461e-06	0.000141377652637699
Group1.22	640871	-3.17827363861827	0.00148154853298262	0.0257436921936915
Group1.22	640909	-3.41509652130595	0.000637594134570755	0.0132521488585399
Group1.22	676072	-4.68738689346063	2.76715542759767e-06	0.000120594418796273
Group1.23	11916	-3.79971726381453	0.000144861264485148	0.00373401991813179
Group1.23	591009	-4.50186284906523	6.7360445943128e-06	0.000254556538375289
Group1.29	406603	5.54751612220301	2.89756449555532e-08	2.14499157999739e-06
Group1.29	440585	-3.39714783156979	0.000680921706794625	0.0139119126787076
Group1.29	440821	3.44010312889325	0.000581492566151264	0.0122510168712726
Group1.29	546698	2.97534419719961	0.00292659971535094	0.0439315135048791
Group1.29	643738	-2.99874144273985	0.00271097261652285	0.0412678761118013
Group1.29	1613854	5.0934591767263	3.51588782915143e-07	2.00229652676195e-05
Group1.29	1613884	4.21963091183546	2.44702598150937e-05	0.000796610144823892
Group1.29	1613911	5.46067657803227	4.74323454554732e-08	3.35064568420101e-06
Group1.29	1613966	6.03714422035306	1.56865517318787e-09	1.74783764039325e-07
Group1.34	228252	-3.17135379956489	0.00151730222285415	0.0261421746459155
Group1.35	456641	-4.51008545415091	6.48015165844554e-06	0.000246610841987604
Group1.35	456684	-3.46968502565561	0.000521069031749156	0.0111740359030652
Group1.37	160938	-4.34966202172063	1.36347512729216e-05	0.000481582979600448
Group1.37	1286797	-3.00531277996637	0.0026530787005605	0.040615403109997
Group1.41	56741	3.02261486635059	0.00250600954996062	0.0388267792517775
Group1.41	155644	5.06094725762373	4.17178616472862e-07	2.26576205368779e-05
Group1.41	155662	3.10748590544484	0.00188685982616293	0.0311346274827006
Group1.41	722192	6.65476743363819	2.83748368300777e-11	4.44456864434028e-09
Group1.41	1032068	4.02302006176838	5.74566001732036e-05	0.00171544457091708
Group1.41	1032083	3.67695886248546	0.000236031086507843	0.00568156789081684
Group1.41	1032088	3.68319681542793	0.000230327188017887	0.00559410392830858
Group1.42	164543	3.28521869289777	0.00101903242958835	0.0192884457075146
Group1.42	213102	-4.25329116932415	2.1065138412598e-05	0.000713705379195484
Group1.43	30409	-3.12305541031633	0.00178984048074074	0.0299029056010323
Group1.43	255683	-3.03728039553362	0.00238723279782003	0.037611096324838
Group1.43	630667	3.80513586693636	0.000141726373016514	0.00367842646910093
Group1.43	897047	3.03239200188202	0.00242623899273628	0.0380428766415849
Group2.1	73277	-5.71642524819874	1.08788293085884e-08	9.6375727186249e-07
Group2.2	9049	8.58924295700626	8.75442237737966e-18	3.37920703766855e-15
Group2.5	43848	5.59410573950051	2.21761778691391e-08	1.7368125392004e-06
Group2.7	72090	2.94288995655237	0.0032516397845381	0.0472361865474298
Group2.7	72148	5.45598145023269	4.87030775306051e-08	3.41807053214792e-06
Group2.7	220021	-4.23562645866273	2.27915391333447e-05	0.000762634535458792
Group2.7	220047	-4.22555150376053	2.38356299343971e-05	0.000783025800398067
Group2.7	220129	-3.77743134581301	0.000158454164628666	0.00402958261483912
Group2.7	226067	3.68164722667944	0.000231731909127527	0.00560113300864934
Group2.11	138153	-4.49481514604862	6.96304093466614e-06	0.000261307452853721
Group2.11	190351	6.19503616341485	5.82716495012855e-10	7.15681804329425e-08
Group2.11	917070	-4.33487461954285	1.45843223740149e-05	0.00051177713057907
Group2.15	1062635	3.85458740708351	0.000115924962636636	0.00315596220699436
Group2.15	1063066	4.00465715919709	6.21074896595506e-05	0.00183302720124933
Group2.15	1063074	3.79215064806929	0.000149348265358224	0.00383409988596601
Group2.15	1063966	2.98286762796843	0.00285561470500214	0.043138128349589
Group2.15	1064601	-5.05006754131801	4.41653880008443e-07	2.37482345031406e-05
Group2.15	1064714	-4.09900143093279	4.1493647079574e-05	0.00128868775182769
Group2.15	1069503	-11.3797928480638	5.27248211503488e-30	7.04103870097354e-27
Group2.15	1069599	-5.55714585077575	2.74221614974388e-08	2.0671780959945e-06
Group2.15	1069706	-11.7819261852576	4.83748077704896e-32	1.7427830746115e-28
Group2.15	1069733	-11.6719056185705	1.77404303040276e-31	4.79346426814825e-28
Group2.15	1071750	-4.32334698919454	1.53679735939547e-05	0.000533886132450563
Group2.15	1074152	5.69378102436651	1.24256428397615e-08	1.07437078249713e-06
Group2.18	1222481	5.11430875558388	3.14891935492464e-07	1.81997435230083e-05
Group2.19	3096	-3.47610109869069	0.000508760458376905	0.0110194048780312
Group2.19	3932	3.2309887040098	0.00123362815085493	0.0225601574525213
Group2.19	20619	3.23686886746919	0.00120848930187318	0.0222017340094027
Group2.19	20678	3.02873149574487	0.00245582843642748	0.0383563493365726
Group2.19	249987	-3.76341841317387	0.000167606424516848	0.00421276799111184
Group2.19	514379	3.30040612717331	0.000965450057872776	0.0184682906645822
Group2.19	548293	-4.62187808276127	3.80281492908103e-06	0.000159791037422167
Group2.19	625177	4.55687252927473	5.19209119755569e-06	0.000205553559205794
Group2.19	625575	-3.17863367154407	0.00147970971977883	0.0257436921936915
Group2.19	625580	-3.30701824092235	0.000942947516045912	0.0180698169386954
Group2.19	1003306	-3.06479300967631	0.00217820691779916	0.0349499379158745
Group2.19	1023312	-3.98245786882031	6.82062184963123e-05	0.00198164733738748
Group2.19	1225442	-5.05256661892485	4.35912238368187e-07	2.35566973614168e-05
Group2.19	1267978	-2.96951447444994	0.00298270760212554	0.0444649707086522
Group2.19	1332980	3.47381421547961	0.000513116182314254	0.0110473300765985
Group3.3	635653	-3.17103013118951	0.00151899386358576	0.0261421746459155
Group3.5	765493	3.40096556471747	0.000671482858721992	0.0137711323284009
Group3.7	11076	-3.0716621448493	0.002128705146668	0.0343826276681948
Group3.7	35092	-2.96732055139644	0.0030040758380627	0.0445989720573924
Group3.7	140660	6.50359282163599	7.84239929822913e-11	1.14541421101703e-08
Group3.7	140684	7.25311004359197	4.07308889872365e-13	9.17123850362609e-11
Group3.7	273943	4.93257439677904	8.11528540242521e-07	4.02339470777118e-05
Group3.7	285245	7.58699684663389	3.27405052059364e-14	8.63071659184782e-12
Group3.7	336827	3.15867669984039	0.00158487199571201	0.0270178178701189
Group3.7	336848	6.04689943218508	1.47659862138444e-09	1.66240394790865e-07
Group3.7	336941	5.54756147920435	2.89681315383358e-08	2.14499157999739e-06
Group3.7	336969	4.87573579088321	1.08403622161988e-06	5.09402760142073e-05
Group3.7	336992	4.0539848919835	5.03524696943188e-05	0.0015329844857921
Group3.7	337266	2.96748547124377	0.00300246472074813	0.0445989720573924
Group3.8	955207	-3.35913569527837	0.000781866649277902	0.015648916195177
Group3.8	955234	-6.48237440123489	9.02902408604886e-11	1.28402226739495e-08
Group3.8	955320	-4.77602790414615	1.78791593922701e-06	7.98503945089485e-05
Group3.8	955325	-3.54662917396575	0.000390193400135148	0.00865956934016567
Group3.8	955358	-5.66737013445632	1.45005880990696e-08	1.23403430058854e-06
Group3.8	955372	-3.28154868747361	0.00103238699529414	0.0194052846002418
Group3.8	955503	-4.22113669972523	2.43073466489907e-05	0.000793697288768252
Group3.8	955525	-4.79408557140878	1.63418513198393e-06	7.39007234580851e-05
Group3.8	955558	-6.8300928066359	8.48597163544228e-12	1.50354723665344e-09
Group3.8	955581	-4.55090992872798	5.34144119096174e-06	0.000209167740550415
Group3.8	955634	-5.38273869765112	7.33609969144997e-08	5.01826363703742e-06
Group3.8	955733	-5.12678958500236	2.9472458859737e-07	1.72182883976236e-05
Group3.8	955741	-5.24328817216668	1.57739882470761e-07	1.00878855014437e-05
Group3.8	955752	-4.46779052760754	7.90316370986516e-06	0.000294542735780078
Group3.8	955807	-8.32757376354385	8.25159893522497e-17	2.72612681368251e-14
Group3.8	955809	-3.8467229635686	0.000119708194602167	0.00323451541815056
Group3.8	955846	-3.35753874056463	0.000786397225331867	0.0157105013149479
Group3.8	955861	-3.80602131010492	0.000141220220294873	0.00367842646910093
Group3.8	955896	-7.78498219898547	6.97230235615533e-15	1.88391609663317e-12
Group3.8	955905	-5.59874879737927	2.15904379843924e-08	1.70328068419937e-06
Group3.8	956101	-3.68142792143076	0.000231931360225995	0.00560113300864934
Group3.8	956108	-4.00732236998665	6.14110161128964e-05	0.00181843907437859
Group3.8	956120	-5.18124800341743	2.20406209127365e-07	1.35349449332305e-05
Group3.8	956128	-3.17534187194349	0.00149660064970833	0.0258804157152763
Group3.8	956222	-5.04782928692708	4.46858155750652e-07	2.38745533655624e-05
Group3.8	956227	-7.12344058679859	1.05265639588371e-12	2.06856551394748e-10
Group3.8	956253	-5.06749004365719	4.03095580244528e-07	2.22278419963411e-05
Group3.8	956266	-4.06424952841978	4.81872534522497e-05	0.0014795677139543
Group3.8	956385	-8.18957709308065	2.6214566792053e-16	7.87019549690302e-14
Group3.8	956441	-3.59552917505572	0.000323732842983679	0.00735063984657059
Group3.8	956450	-4.03790550680732	5.39305672213827e-05	0.00162205371059403
Group3.8	958195	-4.00414236726955	6.22428740616675e-05	0.00183302720124933
Group3.8	1758092	3.99945795431102	6.34877252512441e-05	0.00185452793112283
Group3.9	423307	-4.81160412046682	1.49723698992078e-06	6.79921738952259e-05
Group3.9	423346	-3.22751521583201	0.00124870399719833	0.0227972851380398
Group3.9	423421	-3.96061759905333	7.47561659847025e-05	0.00214884213287943
Group3.9	1102777	-5.74544974852425	9.16769813739598e-09	8.39698995499794e-07
Group3.9	1112955	-5.01482724712571	5.30811364353968e-07	2.78104805922626e-05
Group3.9	1783381	3.52121589120375	0.000429572719938067	0.00947514685120537
Group3.14	60163	3.45208920513498	0.00055626378898847	0.0118115894526275
Group3.14	61080	3.44257579827252	0.000576202364713	0.0121870746728339
Group3.14	61094	3.16702137628084	0.00154008997148726	0.0264210990664037
Group3.14	61195	3.23604688699294	0.00121197474699737	0.0222017340094027
Group3.14	166394	-3.11348456970442	0.00184892177686953	0.0307104543593535
Group3.15	143484	-3.49729497070433	0.000470001837011482	0.010262181524081
Group3.15	143502	-3.110602151449	0.00186706304967006	0.0309497200012792
Group3.15	143676	3.10830138946099	0.00188166070685623	0.0310963133328779
Group3.15	376503	-4.00300894271082	6.25419371742104e-05	0.00183682950265996
Group3.15	377354	-4.43970729360243	9.00813113826158e-06	0.000332286284444816
Group3.15	465130	-3.50898868167153	0.000449814046439024	0.00984127573666594
Group3.15	465159	-3.36832140678592	0.000756273761629723	0.0152451549201215
Group3.15	475501	-3.33757147020941	0.000845139833216148	0.0166077660316366
Group3.15	636890	4.65349220142872	3.26359952446747e-06	0.000140793338381172
Group3.15	637253	3.08341205784368	0.00204641583842995	0.0331937090134551
Group3.15	676526	-3.21587826812891	0.00130045982716473	0.0234973617532538
Group3.15	745094	3.64340596186431	0.00026905397837522	0.00633537123808144
Group3.15	745103	3.19084367634034	0.00141858012056809	0.025217128195888
Group3.15	757495	-4.22903634641109	2.34694431036096e-05	0.000780485357119423
Group3.15	768547	-3.44745510849117	0.000565894441623118	0.0119925237746327
Group3.16	411984	-3.14584358397111	0.00165608548490408	0.0280824251247809
Group3.16	515116	3.24597529077619	0.00117048998244788	0.0216250525304218
Group3.18	200099	-4.26338394372808	2.01354101863629e-05	0.000688178500204175
Group3.18	201720	-5.34971212783065	8.80942477641526e-08	5.98819264047145e-06
Group3.18	201763	-5.18933253433063	2.11049210412153e-07	1.30343992350546e-05
Group3.18	326408	4.05714783981451	4.96756392289583e-05	0.0015166505897926
Group3.18	329312	-3.64587131983711	0.00026648731015599	0.00628863503966362
Group3.19	62693	3.59624682271053	0.000322841492554196	0.00734691371954087
Group4.1	336711	3.19142202998124	0.00141574316966678	0.0252081584477077
Group4.1	336835	2.92157651052469	0.00348264724472291	0.0498549025443248
Group4.5	1257282	-4.35147792336412	1.35222938999281e-05	0.00047917689334565
Group4.5	1258987	4.65310606757656	3.26971946092469e-06	0.000140793338381172
Group4.5	1802448	5.14218467360436	2.71561982913324e-07	1.62483655277601e-05
Group4.6	182675	-3.41267020757876	0.000643297405444054	0.013345025639231
Group4.6	184463	-5.53689811575043	3.07875525346563e-08	2.23323401204406e-06
Group4.6	191450	-3.42491050619717	0.000615001968036969	0.0128072086137641
Group4.6	520855	4.24186101357965	2.21673960477091e-05	0.000746371390914767
Group4.6	621892	6.07738835883148	1.22155669449855e-09	1.40453029299365e-07
Group4.6	622622	3.01031266280428	0.00260978885454403	0.040123183413815
Group4.7	308468	5.0461052165733	4.50907160038042e-07	2.38892381651527e-05
Group4.7	308485	5.09993649521049	3.39767458406829e-07	1.95330143109628e-05
Group4.7	308520	6.60510407874074	3.97238165877745e-11	6.13335728115239e-09
Group4.7	357470	5.83869430572852	5.26115001573956e-09	5.21674397890947e-07
Group4.9	2182475	-5.82165786988835	5.82667311667231e-09	5.6733948689184e-07
Group4.11	222972	-4.71394670650483	2.42964234098615e-06	0.000106746237485278
Group4.13	38436	-4.44479701131208	8.79748920310114e-06	0.000326746609302808
Group4.13	427886	3.81440592307265	0.000136510926982052	0.00362508623789194
Group4.13	610265	3.80479268996512	0.000141923004960686	0.00367842646910093
Group4.13	1327301	3.21685816068125	0.00129602654723261	0.0234630735720101
Group4.13	2452283	-3.37484482960252	0.000738573221447848	0.0149205595839408
Group4.16	829997	-3.14384346825235	0.00166744607145067	0.0282030628172751
Group5.2	728094	-5.80722055312809	6.35184416651638e-09	6.02199401330781e-07
Group5.2	728453	-2.99940838406681	0.00270504462354217	0.0412357155024595
Group5.9	67275	-4.88790459710101	1.01914893703264e-06	4.868907363637e-05
Group5.9	67309	-3.29806817307414	0.000973524950092449	0.0185898545240268
Group5.9	828975	2.96529268984423	0.00302395077711773	0.0447189886134489
Group5.9	1345969	4.18827104924079	2.81087685225897e-05	0.000893528147623968
Group5.9	1347048	-11.5746688445545	5.53847022365765e-31	8.5513980253274e-28
Group5.11	265906	4.96106888364322	7.01063229428781e-07	3.54069690825526e-05
Group5.14	732681	4.99592302971775	5.85550135019744e-07	2.99934874848028e-05
Group5.14	768046	-5.31029040738405	1.09450689895499e-07	7.30211763204043e-06
Group5.14	982552	-2.97434933796375	0.00293610600436851	0.0439521242315995
Group5.14	1118575	4.18420381977607	2.86167275108351e-05	0.000907007598056028
Group5.14	1225559	3.09701074242283	0.00195482789723302	0.0319150753977257
Group5.14	1494014	3.19764274189543	0.00138555818688608	0.0247522527006029
Group5.14	1965542	3.06348429682589	0.00218775686646421	0.0349782192496231
Group5.14	2106049	4.42904054408046	9.46532295813853e-06	0.000347963301127759
Group5.14	2448090	-9.46671542737405	2.88781481716089e-21	1.64271066020394e-18
Group5.14	2532646	3.02342947970706	0.0024992727102149	0.0388267792517775
Group5.14	2556027	3.17599296688754	0.0014932457143485	0.025863781539549
Group5.15	25558	-5.57480320738001	2.47809838140434e-08	1.89952392242682e-06
Group5.15	63905	3.09807795579317	0.00194780184659255	0.0318505718244448
Group5.15	202721	4.89219209053969	9.97190473783615e-07	4.81144403600594e-05
Group5.15	202753	3.67165693336832	0.000240983029593327	0.00576226677841743
Group5.15	212189	-5.88490033780296	3.98293924602837e-09	4.02314087580137e-07
Group5.15	212207	-9.21950390502571	2.98477931306674e-20	1.53616641979168e-17
Group5.18	173399	2.99109556216886	0.00277978487713762	0.0421965097641902
Group5.18	195163	3.09416623056526	0.00197366868825913	0.0321740741820583
Group5.18	195220	7.21922864578868	5.22832839301523e-13	1.13015546543417e-10
Group5.18	321770	-5.03445830618781	4.7920195776488e-07	2.52644622415747e-05
Group5.18	483418	-5.25455373588724	1.48383819046624e-07	9.60318752249051e-06
Group5.18	585506	-2.96069170670616	0.00306949024658863	0.0450813034236528
Group5.20	406710	-3.46782853864194	0.000524681945945653	0.0112070404580645
Group5.20	412063	4.09209339352855	4.2749640163601e-05	0.001320108888252
Group5.20	412361	4.36397192212807	1.2772197756865e-05	0.00045408524130328
Group5.20	424867	-3.86115525195043	0.000112852163140823	0.00308786374487599
Group5.20	476411	-7.98064193272258	1.4557419857403e-15	4.03427163637979e-13
Group5.20	476442	-2.93987797447837	0.00328341527844374	0.0476337615159999
Group5.20	478132	-2.96741965917326	0.00300310755044261	0.0445989720573924
Group5.20	478354	-3.81772402313038	0.000134688468223089	0.00359435299890159
Group5.20	481472	3.81488159726552	0.000136248245107721	0.00362508623789194
Group5.20	481638	-3.88474363878371	0.000102437921396233	0.00281717316654069
Group5.20	481645	-5.76144817027983	8.33952732776075e-09	7.70372746653318e-07
Group5.20	517290	-6.11915691326399	9.40717366434312e-10	1.105138401785e-07
Group5.20	517394	-4.21141681660554	2.53774002170281e-05	0.000821194435765389
Group5.20	638720	4.5492567455794	5.3835726569391e-06	0.000210056510022375
Group6.1	22490	-2.96613622727921	0.00301566879740846	0.0447096685355152
Group6.1	280192	3.1494566520926	0.00163574373447779	0.0277973557896791
Group6.2	454048	4.20327649801231	2.63078905527749e-05	0.000838748321812364
Group6.2	454109	3.85159438227334	0.000117351284335016	0.00318676553038404
Group6.2	489861	-3.99291094069476	6.52670867675627e-05	0.00190136569753051
Group6.2	490524	3.6903379133515	0.000223956353822118	0.00545162223448075
Group6.15	254546	5.09283569827594	3.52747372189675e-07	2.00229652676195e-05
Group6.15	589935	-4.71874875761158	2.37299671391115e-06	0.000104683055036538
Group6.15	589948	-5.21346632855379	1.85344185548486e-07	1.16465113802793e-05
Group6.15	590140	-3.13778700136589	0.00170228529666112	0.0286577873618589
Group6.16	156124	4.32506782711424	1.52484937282248e-05	0.000531631355531142
Group6.20	770403	-3.54823486963716	0.000387822225879516	0.00864243838619755
Group6.26	279919	-3.17913338053876	0.00147716101723231	0.0257436921936915
Group6.28	42259	3.85913563260399	0.00011378877522732	0.00310562899660827
Group6.31	176282	3.81183464854375	0.000137939143107561	0.00363190124308097
Group6.31	220764	-3.11334639138047	0.00184978773019422	0.0307104543593535
Group6.32	84696	-5.56341798500907	2.64541221802155e-08	2.01349403185753e-06
Group6.32	122125	8.78593755415846	1.55065729526839e-18	7.28674089011338e-16
Group6.32	122140	5.95641111979358	2.57837232317916e-09	2.75911367019013e-07
Group6.32	122271	3.17861197495711	0.00147982047221052	0.0257436921936915
Group6.32	326479	-3.04498652473783	0.00232690735286519	0.0368216905853103
Group6.32	345660	-3.56414557890872	0.000365043324391566	0.00816850569363155
Group6.32	360970	3.85038415979821	0.000117932699500937	0.00319452786016574
Group6.36	26521	5.1372873053391	2.78732656222947e-07	1.64619811391126e-05
Group6.36	195176	3.33173677868955	0.000863058457119645	0.0168374292500887
Group6.37	82751	4.05247006833567	5.06797094845559e-05	0.0015386132025536
Group6.37	82976	3.00816799950494	0.00262827800974606	0.0402928067082772
Group6.37	90541	4.21231326723371	2.5276865396445e-05	0.000820397481095427
Group6.37	90592	3.34215845016571	0.000831295919425618	0.0163953399583067
Group6.37	90837	3.09911195322176	0.00194101659581844	0.0318354737185942
Group6.37	91903	-3.41184456753221	0.000645248943112484	0.0133598670060531
Group6.37	92057	4.40782102067133	1.04415772150845e-05	0.000381258670745383
Group6.37	401246	4.01919194894889	5.8398080695432e-05	0.00173397378064898
Group6.37	401492	4.32271666216243	1.54119608923553e-05	0.000533886132450563
Group6.37	401986	-4.53148020195771	5.85718271990492e-06	0.00022608725298833
Group6.38	801174	2.97830702371101	0.00289845484367641	0.0435695409602985
Group7.1	113146	-3.9128497477177	9.12132922181068e-05	0.00256727412055546
Group7.2	102471	4.22420780357046	2.39782727301318e-05	0.000785324762628075
Group7.2	102990	-4.30746133937555	1.65138947760833e-05	0.000568414569235377
Group7.2	103496	3.06461267892697	0.00217952055470942	0.0349499379158745
Group7.5	757644	-6.42241539256222	1.3412880370352e-10	1.83501786130081e-08
Group7.5	758050	4.31009431636674	1.63184933112599e-05	0.000563483308971555
Group7.6	170625	9.87114873553749	5.55250389592455e-23	3.75071638169703e-20
Group7.6	211748	-4.92030322653211	8.64102353367104e-07	4.24509919781439e-05
Group7.6	211845	-3.88744016595464	0.000101306949018462	0.00279317730865188
Group7.6	216223	3.02082357720313	0.00252088194838826	0.0389781002835197
Group7.6	216231	4.51810319987775	6.23960727704574e-06	0.000238872001653159
Group7.6	241848	-3.35915806086503	0.000781803370277918	0.015648916195177
Group7.6	246439	5.19075441205659	2.09443728282659e-07	1.30095851452815e-05
Group7.6	246550	5.08663587891074	3.6447062220656e-07	2.04103548435674e-05
Group7.6	246646	3.7720614630502	0.000161904359493156	0.00408846335841597
Group7.6	246830	4.62340209419801	3.77496956633275e-06	0.000159374496378611
Group7.6	249632	-4.88723602701172	1.02261470350259e-06	4.868907363637e-05
Group7.7	159792	-4.83668984124155	1.3201918270804e-06	6.07175883705744e-05
Group7.7	206392	5.53790939721368	3.06103534505806e-08	2.23323401204406e-06
Group7.9	102092	-3.36788862101368	0.00075746189786318	0.0152451549201215
Group7.9	102391	7.27830983799378	3.38028280270415e-13	7.77321202800564e-11
Group7.9	102420	5.70701351638457	1.14975655176939e-08	1.00214264609061e-06
Group7.9	315329	6.15995422268955	7.27659757471358e-10	8.83656927949488e-08
Group7.9	315359	4.10392501503244	4.06199168705544e-05	0.00126518749722465
Group7.9	315754	3.82407786282662	0.000131262431561799	0.00351159495128694
Group7.10	292446	3.96474225818113	7.34752933122082e-05	0.00211765592031559
Group7.10	394007	4.50294065583737	6.70196027011397e-06	0.000254157145962778
Group7.12	452912	-3.40579004806199	0.000659728929417721	0.0136075386815777
Group7.17	602182	3.61927093466572	0.000295434196403461	0.00688157929898407
Group7.21	31095	6.66081155460219	2.72319629747146e-11	4.32828023280463e-09
Group7.21	31266	5.77619774836999	7.6407568202471e-09	7.11907756148541e-07
Group7.21	1500132	-3.45956429043729	0.000541050099015857	0.0115338648326694
Group7.24	417029	3.92044918735632	8.83840711865887e-05	0.00249413848925496
Group7.24	675616	3.18118278817804	0.00146675053094098	0.0257026171222785
Group8.1	53656	-3.12301609859985	0.00179007956364433	0.0299029056010323
Group8.1	53774	3.18196944667464	0.00146277248865354	0.0257026171222785
Group8.3	27887	3.69613609226162	0.000218905659416126	0.00536492600219838
Group8.3	147456	5.80368862867987	6.48716965072361e-09	6.09681126826268e-07
Group8.6	373773	9.48932530810092	2.32534416067195e-21	1.3962399826968e-18
Group8.6	373789	12.2609324832968	1.46800786340774e-34	1.58662289877109e-30
Group8.6	1590354	5.13413622710443	2.83442744836679e-07	1.66491803597545e-05
Group8.6	1591331	11.1848953368424	4.83475545720364e-29	5.22540369814569e-26
Group8.6	1593305	3.88827687963242	0.000100958419014206	0.00279068693786584
Group8.6	1615624	3.23683811454566	0.00120861953664116	0.0222017340094027
Group8.6	1623969	2.94691797474562	0.00320958328584411	0.0468277324553527
Group8.6	1670337	5.20496285124753	1.94035418414774e-07	1.21221664868606e-05
Group8.6	1670482	6.28313764450236	3.31807035272451e-10	4.26925052050553e-08
Group8.6	1670685	3.76186111720723	0.000168653694976426	0.00422925553435084
Group8.7	33713	3.34256256571553	0.000830086400515581	0.0163953399583067
Group8.7	927271	-4.09503396516317	4.22106501300749e-05	0.00130719973239498
Group8.7	927496	-4.22635305752082	2.37509244726584e-05	0.000783025800398067
Group8.7	927598	-3.77227082704477	0.000161768527391616	0.00408846335841597
Group8.7	927796	-7.47663225065557	7.62514041613543e-14	1.87301176403617e-11
Group8.7	942743	-6.59832617703856	4.15825629258087e-11	6.32992028312874e-09
Group8.7	1712783	4.58983994180694	4.43586024346592e-06	0.000181829458587076
Group8.8	170255	5.65596292899081	1.54974917297557e-08	1.29842550864496e-06
Group8.8	170445	6.81926384445322	9.15082036934225e-12	1.59519462180405e-09
Group8.8	171225	3.09909684539997	0.00194111557925181	0.0318354737185942
Group8.8	171331	8.54066382787543	1.33452936794042e-17	4.97365289955175e-15
Group8.8	171383	3.43832834452233	0.000585317502552621	0.0123076100536746
Group8.8	171416	4.13499388697537	3.54964084066974e-05	0.00111201502046257
Group8.8	559623	4.40621316150861	1.05193448196438e-05	0.00038280497916064
Group8.8	559841	4.38599361039289	1.15457510402648e-05	0.00041595492414394
Group8.8	580459	-3.21203763107463	0.0013179711039613	0.0236621788897239
Group8.8	654453	3.05479470415858	0.00225214626791865	0.0358274926719669
Group8.8	676432	-5.89901643991474	3.65674804891708e-09	3.7285031049713e-07
Group8.8	724055	-5.65645781098329	1.54528940880114e-08	1.29842550864496e-06
Group8.8	727018	-5.33432058662071	9.59029572167047e-08	6.4782447599884e-06
Group8.8	754473	-4.04005231101525	5.34392808720143e-05	0.00161332890409143
Group8.8	757933	-4.82583261098636	1.39419571692149e-06	6.38494377478281e-05
Group8.8	764438	-3.08310894299516	0.00204850147224043	0.0331937090134551
Group8.8	780820	4.26284157958776	2.01843620063586e-05	0.000688178500204175
Group8.8	780841	3.63071433124044	0.000282637881664416	0.00659773266744926
Group8.8	874173	-5.01416607771402	5.32639663452846e-07	2.78104805922626e-05
Group8.9	10210	4.99696427270307	5.82398533048912e-07	2.9974111167584e-05
Group8.9	126704	-4.97983691822626	6.36378755362928e-07	3.24433093771817e-05
Group8.9	463614	-12.0527688095705	1.87542476771553e-33	1.01347954447347e-29
Group8.9	1042401	4.55531615163758	5.23068472090933e-06	0.000206325695122584
Group8.9	1075238	3.17849328642967	0.00148042646504632	0.0257436921936915
Group8.9	1075280	4.24303698157293	2.20515079478935e-05	0.000744789680940104
Group8.9	1079413	-6.14906105007033	7.79429761765733e-10	9.36008540573782e-08
Group8.9	1110853	4.94632063645304	7.56293483312773e-07	3.7842685035391e-05
Group8.9	1358424	-3.60793715755866	0.000308641219675012	0.00712776560309301
Group8.9	1387885	-6.30824563328831	2.82216075046857e-10	3.67492932422462e-08
Group8.9	1484371	-4.06118950903995	4.88233189616385e-05	0.00149485108027589
Group8.11	330349	4.41269990573998	1.02089457393694e-05	0.000374028086613913
Group8.11	330582	6.21459046342969	5.14586815856258e-10	6.3927060985913e-08
Group8.11	333790	5.11452771266139	3.14526913342599e-07	1.81997435230083e-05
Group8.11	334569	-3.75921363680909	0.000170448247099034	0.0042643626264962
Group8.11	386573	-5.0633639495353	4.11922380653935e-07	2.25992745690748e-05
Group8.11	438800	5.64446394835986	1.65696696472296e-08	1.36706098891036e-06
Group8.11	438842	3.96503323130467	7.33857226829288e-05	0.00211765592031559
Group8.11	438844	5.08395736268446	3.69650952256567e-07	2.05937499587061e-05
Group8.11	439014	3.68116431347743	0.000232171316420698	0.00560113300864934
Group8.11	439031	4.76707515715628	1.86919596550689e-06	8.31369135604877e-05
Group8.11	439047	4.20615131983418	2.59756344323863e-05	0.000833468691889659
Group8.11	443677	3.99957731153532	6.34557163455034e-05	0.00185452793112283
Group8.11	444391	3.90883469792556	9.27423929885654e-05	0.00260041115016848
Group8.11	444706	3.03598190162373	0.00239753755035144	0.0377184655665188
Group8.12	44099	3.1094282190295	0.00187449825616985	0.0310253861449981
Group8.12	44267	3.28723523401033	0.00101176279896283	0.0191844426862987
Group8.12	44272	2.96064724835391	0.00306993331974541	0.0450813034236528
Group8.12	44353	3.73711667214477	0.000186142563291998	0.00463555028585233
Group8.12	45211	3.22096464257932	0.00127759908850716	0.0232072116782948
Group8.12	45234	3.14224356058186	0.00167658505827115	0.028313330171554
Group8.12	182599	-5.2847963996359	1.2584464001576e-07	8.29346871518496e-06
Group8.14	99327	8.65213558709106	5.05445427613426e-18	2.1010977621715e-15
Group8.14	99387	8.35224236713761	6.69790451161969e-17	2.33519199876083e-14
Group8.14	99394	8.99922868156628	2.27308993752135e-19	1.11670709294231e-16
Group8.17	38326	4.03290294852508	5.50920363123887e-05	0.0016494036799565
Group8.17	45697	-2.95713200704807	0.00310515149098965	0.0454133657843249
Group8.21	371104	3.63626156684203	0.000276623449465651	0.00648534976534654
Group8.21	450852	2.93025229686815	0.00338686895325839	0.048781652315821
Group8.21	565285	-3.78790231333809	0.000151924556164324	0.00388179811589601
Group8.21	565402	-3.47834273850493	0.00050452438067461	0.0109495974022715
Group8.21	565674	-3.37764192641902	0.000731102140674233	0.0148529171736976
Group8.21	565676	-3.2594507735194	0.00111628150447922	0.0206942890230041
Group8.21	566228	-3.00948690084293	0.00261689362943337	0.0401752646973237
Group8.21	566672	-6.5485487972791	5.80988737112732e-11	8.72128648710335e-09
Group8.21	566857	-3.30928210862395	0.00093535538757289	0.0179674996182259
Group8.21	567581	-3.55731453210889	0.000374665450947766	0.0083664962682716
Group8.21	567636	-4.34426687577663	1.39741550904456e-05	0.000491963088656468
Group8.21	567780	-5.58503642983373	2.3365123091504e-08	1.80390429105809e-06
Group8.21	573307	-4.6105402588319	4.01623850566519e-06	0.000166951945266267
Group8.21	604990	-3.69335376240862	0.000221315803716387	0.00541172218680252
Group8.21	605105	-3.60020745949734	0.000317963385368912	0.00729840061347914
Group8.21	639377	-5.2499138860452	1.52170330197877e-07	9.78962457606343e-06
Group8.21	648270	-2.97469402263186	0.002932809215032	0.0439521242315995
Group8.21	649610	-4.81744589680234	1.45407500490949e-06	6.63107284939316e-05
Group8.21	763899	-3.31610999750373	0.000912798932945019	0.0175856165191975
Group8.21	874498	2.98876971542806	0.00280103157069547	0.0423999288740569
Group8.21	875219	3.26690393670535	0.00108730568812036	0.0202720112003377
Group8.21	875356	-5.24119948260071	1.59536131671547e-07	1.01427441829769e-05
Group8.21	876055	3.60013192916753	0.000318055763226191	0.00729840061347914
Group9.10	278042	4.0374800580122	5.40284359561299e-05	0.00162205371059403
Group9.10	278491	3.9467691642226	7.92128606327189e-05	0.00225892505994308
Group9.10	278513	7.00904837941626	2.39944482405698e-12	4.54968415059788e-10
Group9.10	278526	6.74133489721902	1.56938001327296e-11	2.60951679745448e-09
Group9.10	278539	5.09224537865521	3.53847739277881e-07	2.00229652676195e-05
Group9.10	304211	-3.29462475509539	0.000985531872748695	0.0187528670434294
Group9.10	774520	-3.80558620898525	0.000141468727382731	0.00367842646910093
Group9.10	811044	3.21234839996831	0.00131654611191926	0.0236621788897239
Group9.10	811063	3.44019617881703	0.000581292672541511	0.0122510168712726
Group9.10	1691383	-4.55434990936247	5.25478268433534e-06	0.000206522513644714
Group9.10	1783618	3.26666221282229	0.00108823442383699	0.0202720112003377
Group9.10	1783743	-3.03857669473921	0.00237698592037542	0.0375591576424233
Group9.10	1783786	-3.95750508944444	7.57366742877979e-05	0.00217125192494037
Group9.10	1783840	3.34799670483142	0.000813979791946872	0.0161421900758932
Group9.10	1783847	4.58493225710858	4.54133651257614e-06	0.000184521673037304
Group9.10	1783866	3.54707032647269	0.000389540592120241	0.00865956934016567
Group9.10	1911286	-3.92396170114547	8.71045889319673e-05	0.00246446700831598
Group9.10	1911442	3.17224708624501	0.00151264249296142	0.0261160384407781
Group9.10	2514302	-3.39136446712877	0.000695455504037501	0.0141820435615798
Group9.10	2514333	-3.79036508390823	0.000150426022349599	0.00385261717903903
Group9.10	4307299	5.00382997028203	5.62023336371906e-07	2.9203597209171e-05
Group9.12	718094	3.56564426283039	0.000362963435528463	0.00813881496097848
Group9.12	1250443	-5.95842580222253	2.54679230649385e-09	2.75257312485856e-07
Group9.12	1397859	-3.21547934495975	0.00130226866119532	0.0234973617532538
Group9.12	1397874	-5.48228033779489	4.19878180076084e-08	3.00532673527306e-06
Group9.12	1397900	-3.88916991819646	0.000100587675931326	0.00278756820888659
Group10.17	197226	4.58408020788449	4.55989189925451e-06	0.000184581691562332
Group10.21	233549	-5.91520470568153	3.31463079348872e-09	3.41185996343106e-07
Group10.21	233556	-6.87337902195312	6.26986842010552e-12	1.12941229807501e-09
Group10.21	233579	-8.6264681088708	6.3275634921872e-18	2.5329002305022e-15
Group10.21	233633	-10.8265423663984	2.57703352686233e-27	2.32104819652734e-24
Group10.21	246954	-4.22979047628879	2.33909068750034e-05	0.000780274449089621
Group10.23	526301	-4.02033075580981	5.8116488344654e-05	0.00173036640779344
Group10.24	91310	-5.71962048374053	1.06762247632114e-08	9.5374730749748e-07
Group10.24	99934	-3.22445967616994	0.00126210629688606	0.022998652704218
Group10.24	99942	-3.3597799773679	0.000780045683503426	0.015648916195177
Group10.25	34030	4.65061596092697	3.30945097310675e-06	0.000141377652637699
Group10.25	34081	10.6949774506598	1.07445786380546e-26	8.93287737846881e-24
Group10.25	54842	-4.57936675915676	4.66385775407055e-06	0.000187386522698864
Group10.25	54858	-4.39905591744324	1.08722812646042e-05	0.000394320858751149
Group10.25	60604	-2.95829031592373	0.00309350624790545	0.0453314654459304
Group10.25	60693	-6.95327537316451	3.56901044923061e-12	6.53794320937024e-10
Group10.25	62938	-4.20604318329359	2.59880596934507e-05	0.000833468691889659
Group10.25	74134	5.60921388172747	2.03247713926674e-08	1.61522153832316e-06
Group10.25	82021	-4.93664491224971	7.9477987199747e-07	3.95851652375514e-05
Group10.25	82274	3.46834654575706	0.000523671509715753	0.0112070404580645
Group10.26	215332	5.41744953803914	6.04552042735445e-08	4.1884605627466e-06
Group10.26	936142	-3.03806092055696	0.00238105813582773	0.0375685785868994
Group10.26	936223	-4.78178063567783	1.73749224953591e-06	7.82450676374336e-05
Group10.26	1467899	-4.8525567440403	1.218798950801e-06	5.62939276079367e-05
Group10.26	1468007	-3.66619137594404	0.000246189714324831	0.00586326926760366
Group10.26	1468030	4.20930772583587	2.56154319550725e-05	0.000826422652449025
Group10.26	1486358	3.23627641785225	0.00121100053366133	0.0222017340094027
Group10.26	1489792	-3.06104540103781	0.00220565646690989	0.0351603762453719
Group10.26	1560555	3.03164658230108	0.0024322379496054	0.0380428766415849
Group10.26	1621635	2.96979081556677	0.00298002596818152	0.0444649707086522
Group10.26	1686970	-4.54013719272775	5.62176364292718e-06	0.00021777785466938
Group10.26	1687045	-8.24523497322972	1.64835981651192e-16	5.09013511338882e-14
Group10.26	2343929	-3.07128198758577	0.00213141751829113	0.0343826276681948
Group10.26	2349856	-4.58976489874565	4.43745525808489e-06	0.000181829458587076
Group11.1	513936	5.00089432025228	5.70649873972821e-07	2.95099705162596e-05
Group11.1	519404	4.9285310693745	8.28501609474511e-07	4.08878785168973e-05
Group11.1	580092	4.57995229048528	4.65082007938524e-06	0.000187386522698864
Group11.3	125328	-3.2676314922933	0.00108451474351345	0.0202720112003377
Group11.3	126156	-5.64662512135031	1.6362809060919e-08	1.3603787717724e-06
Group11.6	14628	-8.50389561686642	1.83332393951298e-17	6.60485504608542e-15
Group11.6	14903	3.37623439949158	0.000734852843787082	0.0148732013776232
Group11.6	1173193	2.99403221558451	0.00275316872886616	0.0418512624776167
Group11.6	1173230	3.87978231003722	0.000104549992548443	0.0028679602016842
Group11.6	1292088	5.67458934449879	1.39021745430389e-08	1.19249763858067e-06
Group11.6	1406415	3.94586823665995	7.95113318889733e-05	0.00226146967120006
Group11.8	434446	3.45605773341648	0.000548137903953782	0.0116619576101033
Group11.16	740467	3.57546200843242	0.000349609945343022	0.00788848494627847
Group11.16	1361137	4.51759157509105	6.25469804476722e-06	0.000238872001653159
Group11.16	1361447	3.18851485762934	0.00143005660642897	0.0253793954060498
Group11.18	431286	3.27600485208076	0.00105286752019749	0.0197558891637058
Group11.18	1255209	7.44028971721907	1.00464720861142e-13	2.41293934014939e-11
Group11.18	1260275	10.5748976316692	3.8960273510325e-26	3.00773311499709e-23
Group11.18	1759740	5.27117280134443	1.35554769609005e-07	8.87924818141896e-06
Group11.18	1770136	-3.00072791040382	0.00269335112626141	0.0411154505263183
Group11.18	2927382	3.49158986420751	0.000480154914663702	0.0104416787076163
Group11.18	2927475	-3.70717002744544	0.00020958823524392	0.00519548084063368
Group11.18	3310967	6.78729084645053	1.14258724360462e-11	1.96017189347281e-09
Group11.18	3533984	-5.62767713417166	1.82652558808768e-08	1.47578515280806e-06
Group11.18	3534230	4.63079767034951	3.64259691491941e-06	0.000154388970417447
Group11.18	3535592	-4.88047185114134	1.05832319626238e-06	4.99491576646454e-05
Group11.18	3537206	2.92505195103867	0.003443987227642	0.0494324222527951
Group11.18	3537305	4.6211868646992	3.81550904379074e-06	0.000159791037422167
Group11.18	3537323	7.48926189454123	6.92620124455317e-14	1.74089262909606e-11
Group11.18	3537327	4.85361001562444	1.21234035312283e-06	5.62359422169595e-05
Group11.18	3537341	5.61146647808964	2.00619154987367e-08	1.60614209415071e-06
Group11.18	3537350	3.49507812005695	0.00047392302084216	0.0103269355025445
Group11.18	3537414	4.97754024291482	6.43973959416724e-07	3.2676387574535e-05
Group11.18	3644883	-3.63466343381345	0.000278343764651388	0.00651155716093549
Group11.18	3665804	8.7330463272681	2.47903492163085e-18	1.11639205970776e-15
Group11.18	3666094	-3.47258318028509	0.000515475247574473	0.0110760566118984
Group11.18	3760452	3.18107544763008	0.00146729411218041	0.0257026171222785
Group11.18	4730852	-6.49965294495038	8.05055174527977e-11	1.16013817683978e-08
Group11.18	4730904	-3.6755929202491	0.000237297649793437	0.00569936221992769
Group11.18	4731511	-5.42933964572405	5.65629484706539e-08	3.94407965852146e-06
Group11.18	4731606	3.02243455651167	0.00250750295315884	0.0388267792517775
Group11.18	4731820	-3.06582726005095	0.00217068682801183	0.0349118798171902
Group11.20	24420	5.93027349560562	3.02430510074112e-09	3.17346500279709e-07
Group11.20	27788	-3.57174985125803	0.000354604030132849	0.00798450074515799
Group11.20	29828	-4.04339954920726	5.26817322650717e-05	0.00159491361994648
Group11.20	47117	3.60860724773928	0.000307845249029017	0.0071246069625388
Group11.20	48199	3.26132799800925	0.00110891686411934	0.0205930815591097
Group11.20	58787	8.32654393028029	8.32366625199137e-17	2.72612681368251e-14
Group11.20	58868	-4.52815392462744	5.95012332647781e-06	0.000228857412500257
Group11.20	58904	-5.71264678762337	1.11232397714323e-08	9.77398174387318e-07
Group11.20	66435	-3.21755607130375	0.00129287753423362	0.0234453362248271
Group11.20	66611	5.38751025584642	7.14404003099106e-08	4.91801176146187e-06
Group11.20	66683	-5.92829684060783	3.06092803867312e-09	3.1810106001903e-07
Group11.20	68225	-3.83164662346164	0.000127288479143712	0.00342222358852051
Group11.20	69484	-3.43214082478492	0.000598836516674556	0.0125430718453849
Group11.20	70547	3.17651509998651	0.00149056029622273	0.0258587089591898
Group11.20	77920	3.47442471934027	0.00051194999420962	0.0110473300765985
Group11.20	130357	3.59177290697058	0.00032843599517263	0.00744179504365992
Group11.20	277751	3.0164342781063	0.0025576665635747	0.0394903717415934
Group11.20	282094	-3.82908692239313	0.000128619576035152	0.00344943021783604
Group11.20	324328	6.24274449881536	4.29958930552432e-10	5.40348386210545e-08
Group11.20	324343	5.07864293620258	3.80140380424218e-07	2.10695242647433e-05
Group11.20	493629	-4.22576072051764	2.38134929436687e-05	0.000783025800398067
Group11.20	556539	-2.92924980584527	0.00339781229879363	0.0488345150603212
Group11.20	566520	-4.95612444106391	7.19131674260332e-07	3.61505820251427e-05
Group11.20	566534	-4.67877994917681	2.88586951774512e-06	0.000125262962842527
Group11.20	584849	6.00608726310846	1.90053928545646e-09	2.0748513734559e-07
Group11.20	585237	-3.33351114785511	0.000857572349706054	0.0167606545309639
Group11.20	585274	-3.11690589810662	0.00182759898809255	0.0304355776013933
Group11.20	585457	3.13251863443202	0.00173313425474487	0.0291317496505172
Group11.20	585838	-11.5842851273491	4.95079561625728e-31	8.5513980253274e-28
Group11.20	586037	7.42891939074175	1.09488441085075e-13	2.57250232879889e-11
Group11.20	646882	3.35429869030675	0.000795664247031668	0.0158370887328145
Group11.20	646903	4.15495546482397	3.25350907077823e-05	0.00102518734801665
Group11.20	719077	3.23799618892499	0.00120372417498069	0.0222011107221695
Group11.20	719274	5.80917433097022	6.27816900055526e-09	6.00481863345144e-07
Group11.20	720039	3.88974144639827	0.000100351082025161	0.00278756820888659
Group11.20	721079	6.13692414841475	8.41345317142423e-10	9.99259361283001e-08
Group11.20	721112	-3.05147892393573	0.00227717034621277	0.0361404656415091
Group11.20	908603	4.2268108917108	2.37026707215705e-05	0.000783025800398067
Group11.20	916551	3.50999697523454	0.000448111791495269	0.00982391935594495
Group11.20	916715	5.22930500443139	1.70148457277535e-07	1.07541785161146e-05
Group11.20	955733	-3.18125593548081	0.00146638021339555	0.0257026171222785
Group12.5	165890	6.68040394134472	2.38284529103559e-11	3.90208968265342e-09
Group12.5	165922	6.4437706051373	1.16541191072796e-10	1.61484255527536e-08
Group12.5	167350	-6.25292034885787	4.02847624086532e-10	5.12232602485557e-08
Group12.5	470954	3.18378120197579	0.00145364843974333	0.0257026171222785
Group12.16	6828	-3.59732553122176	0.000321506008776756	0.00734637831471286
Group12.16	6846	-3.02643829751762	0.00247453319595262	0.03853711063668
Group12.16	384839	-3.25108686409792	0.00114964726730853	0.0212763487415592
Group12.16	385167	3.39906280112799	0.000676171883608403	0.0138410335568932
Group12.16	540871	-2.97832861441289	0.00289825065628362	0.0435695409602985
Group12.16	540882	-3.1223816118064	0.00179394239797601	0.0299211874032788
Group12.16	541053	-4.25596733362671	2.0814709821631e-05	0.000707438313686127
Group12.17	2282994	5.58502517801729	2.33666358945349e-08	1.80390429105809e-06
Group12.17	2693750	8.66455241555678	4.53290294198237e-18	1.95966459987782e-15
Group13.7	150038	4.38893758131209	1.13905753530097e-05	0.00041173691777702
Group13.7	150047	4.91300591794182	8.96905686301678e-07	4.36655705294979e-05
Group13.9	230333	6.38876166032164	1.67234473268727e-10	2.23144467541777e-08
Group13.9	235030	10.9958170115716	4.0027199363869e-28	3.93285427931542e-25
Group13.9	314334	-3.83644011563559	0.000124830616904597	0.00336451198879024
Group13.10	1108947	-7.15554892499312	8.33387586770987e-13	1.76612804663153e-10
Group13.12	322452	2.96238655590724	0.00305264275778564	0.0450108634735978
Group13.12	322518	3.18211251716439	0.0014620500670023	0.0257026171222785
Group13.12	413447	4.64527058102238	3.39631013932344e-06	0.000144517007818141
Group13.12	780094	3.28332961534247	0.00102588638327119	0.0193166899484234
Group13.12	1146097	-3.94439968608494	8.00001328815199e-05	0.00226940009496973
Group14.5	258544	-3.90329676760021	9.48912331446749e-05	0.00264325888615373
Group14.9	1231115	4.62044440929035	3.82918936827732e-06	0.000159791037422167
Group14.9	1395709	2.96255328546139	0.00305098996293413	0.0450108634735978
Group14.9	1624289	-2.98263548931656	0.00285778126372185	0.043138128349589
Group14.14	116892	5.63219124226706	1.7793421191605e-08	1.45690375938536e-06
Group14.14	799805	2.9611791401831	0.00306463629440223	0.0450813034236528
Group14.14	800019	-5.16805494242676	2.36542780613418e-07	1.43626650161226e-05
Group14.14	800108	-5.55638455587724	2.75419731516661e-08	2.0671780959945e-06
Group14.14	800754	4.17603037652906	2.966402243085e-05	0.000937452498341014
Group14.14	944183	3.09278996214691	0.00198284418954316	0.0322749698803952
Group14.14	944403	-5.26492662635948	1.40245358201219e-07	9.13115561107697e-06
Group14.14	954531	-3.33705859334377	0.000846700961371123	0.0166082468067134
Group14.14	992754	3.43494324619219	0.000592677939122833	0.0124381809049312
Group14.14	992782	3.4108142474991	0.000647691999074944	0.0133848090363327
Group14.14	992796	3.08078341338609	0.00206456766957872	0.0334039631329443
Group14.14	992920	3.16499940959284	0.00155083265806907	0.0265212015322952
Group14.14	992971	2.96522944078284	0.00302457260144626	0.0447189886134489
Group14.14	1009362	3.04937485846712	0.0022931814866885	0.036341210422477
Group14.15	44722	4.88265919484508	1.04664678511014e-06	4.96147300590808e-05
Group14.15	222166	-2.92999993627857	0.00338962073364004	0.048781652315821
Group14.15	222176	-3.22403270963912	0.00126398961013189	0.022998652704218
Group14.15	226652	3.06301981921613	0.0021911554729532	0.0349808099729367
Group14.15	228248	-3.32143145793633	0.000895569761633028	0.0173154167866364
Group14.15	615717	4.44251327939789	8.89141439766441e-06	0.000329104132910811
Group14.15	665818	3.03344364762896	0.0024177986294301	0.0379819296320938
Group14.15	700023	3.28402558727474	0.00102335630843342	0.0193074438758202
Group14.15	1361682	-2.92343639931099	0.00346190941163789	0.0496237624946714
Group14.15	1386735	-7.04689500418192	1.82954260980238e-12	3.5310172369186e-10
Group14.15	1387086	3.38206327071249	0.000719435723226992	0.0146434299371701
Group14.15	1395236	-3.40357830968802	0.000665093453730058	0.0136697061581673
Group14.15	1395274	-4.58606048239713	4.51687801643489e-06	0.00018422044377973
Group14.15	1395991	-3.09805845092104	0.00194793004958901	0.0318505718244448
Group15.5	455381	3.2113998258719	0.00132090013926722	0.0236754373220566
Group15.13	361207	-5.71999216993479	1.0652896232301e-08	9.5374730749748e-07
Group15.13	361228	-5.04716204076493	4.48421015285822e-07	2.38745533655624e-05
Group15.13	450706	-2.93635035212448	0.00332099011385666	0.048049881058317
Group15.19	898074	3.90422024736798	9.45296658851248e-05	0.00263999128911222
Group15.19	904042	10.1974078450808	2.03634857866846e-24	1.46725702921658e-21
Group15.19	904238	6.02054829728546	1.7382722741393e-09	1.91706599376505e-07
Group15.19	1331883	-3.40350476731304	0.000665272523981863	0.0136697061581673
Group15.19	1691287	2.93379423058691	0.003348461155176	0.0483331799972655
Group15.19	1909853	5.9457838758233	2.75136973003461e-09	2.91537294531511e-07
Group15.19	2277924	3.10455741999247	0.00190563934984901	0.031371359335451
Group15.19	2278008	2.9898786095738	0.00279088335280982	0.0423055642036024
Group15.19	2311304	-3.331055646447	0.000865173055611398	0.0168482709640504
Group15.19	2311452	3.81328477639776	0.000137131947248965	0.00363190124308097
Group15.19	2313423	2.9462291708667	0.0032167397603607	0.0468551527358201
Group15.19	2313482	-3.34089679053558	0.000835082597748407	0.0164400231629595
Group15.19	2331217	3.03190865279904	0.00243012732388517	0.0380428766415849
Group15.19	3564417	2.94510100483138	0.00322849249871944	0.0469630510446296
Group15.19	3816486	-3.80100337269944	0.000144111340274336	0.00372620900881584
Group16.2	537248	-3.05452991002491	0.00225413536426143	0.0358274926719669
Group16.2	684915	3.1991171139714	0.00137849158399207	0.0246667831784541
Group16.2	685267	5.14632086459796	2.65644895157576e-07	1.60396090886205e-05
Group16.2	685288	4.59234244410443	4.38298387999435e-06	0.000181499194540149
Group16.2	685447	6.53854161667972	6.21216002919032e-11	9.19740076650533e-09
Group16.2	696876	-3.67280109922666	0.00023990621471518	0.00574923806794161
Group16.2	1012858	-4.72389478092061	2.31370157569447e-06	0.000102485600943057
Group16.2	1146121	-3.35141666312578	0.000803992336709586	0.0159734359837449
Group16.2	1146685	-4.70339337298755	2.55872751651302e-06	0.000111962457483695
Group16.4	1357158	4.58957799836734	4.44143015053553e-06	0.000181829458587076
Group16.4	1359463	-3.76707369523066	0.000165172255095806	0.00416126278106171
Group16.4	1360994	3.29286850133712	0.000991708452998485	0.0188372319156549
Group16.4	1441984	-4.50059137029131	6.77646676316019e-06	0.000255191821519984
Group16.4	1442171	-3.32769278817446	0.000875683753946678	0.0169612724241141
Group16.4	1442352	-4.08323292339185	4.44134666963298e-05	0.00136758047878613
Group16.4	1442358	-3.16841654475167	0.00153271746214957	0.0263364234195748
Group16.4	1442383	-3.0636845846511	0.00218629284173537	0.0349782192496231
Group16.4	1443008	-3.66608506458335	0.000246292028820509	0.00586326926760366
Group16.4	1444952	-5.62737643550085	1.82971142187528e-08	1.47578515280806e-06
Group16.4	1444976	-5.06110275785256	4.1683846896545e-07	2.26576205368779e-05
Group16.4	1445015	-5.52750019560273	3.24825865449222e-08	2.34047863585013e-06
Group16.4	1445022	-5.54547008906674	2.93165451172529e-08	2.15546407909707e-06
Group16.4	1445031	-4.77736295019194	1.77609021703246e-06	7.96513820152981e-05
Group16.4	1445073	-4.47616857029119	7.59944908002874e-06	0.00028420361819014
Group16.4	1445364	-3.32028088040552	0.000899269217139239	0.0173558958907873
Group16.4	1445394	-3.69825956218152	0.0002170828445698	0.00533562547508395
Group16.4	1445512	-7.12959868744384	1.00661984090175e-12	2.01473097045669e-10
Group16.4	1451208	3.19372837043954	0.00140448200771388	0.0250489134313062
Group16.4	1451257	-3.90849771194294	9.28718267917316e-05	0.00260041115016848
Group16.4	1451268	-4.56688222526037	4.95031958577942e-06	0.000196702404717294
Group16.4	1451274	-3.61366337641499	0.000301900973045233	0.00700202943492033
Group16.5	85795	-7.54939598051414	4.37281475524905e-14	1.12527099701742e-11
Group16.5	86280	7.13129335300486	9.94301479869096e-13	2.01473097045669e-10
Group16.5	86296	4.56713612455815	4.94432944268457e-06	0.000196702404717294
Group16.5	160279	-4.37035610770679	1.2404407412877e-05	0.00044246480303094
Group16.5	160292	-3.94679646462881	7.92038327468556e-05	0.00225892505994308
Group16.5	160327	-4.54187427804134	5.57562901900477e-06	0.00021676762027843
Group16.5	283367	-3.81152566124923	0.000138111714554615	0.00363190124308097
Group16.5	283394	6.74540415885417	1.5260164026211e-11	2.57706019992639e-09
Group16.5	398246	-4.88868055415361	1.01514066785215e-06	4.868907363637e-05
Group16.5	441049	2.98200669162789	0.00286365739617477	0.043166539941223
Group16.5	456175	5.08783127176041	3.62181375446975e-07	2.0387793259536e-05
Group16.5	499798	-3.64704865357263	0.000265269710099046	0.00627359962089823
Group16.5	501998	-3.56603756756929	0.00036241944163909	0.00813881496097848
Group16.5	515343	-5.16842877282865	2.36070223020521e-07	1.43626650161226e-05
Group16.5	515370	-4.20357855520789	2.62727913333101e-05	0.000838748321812364
Group16.5	515645	-6.09207284215842	1.11457943690174e-09	1.29530909183161e-07
Group16.5	515665	4.91917547283792	8.69095321621902e-07	4.25030870411291e-05
Group16.6	147893	-4.57770567456863	4.70103494072571e-06	0.000188180687553198
GroupUn3	421695	6.66862303409834	2.58214535309664e-11	4.16534730989082e-09
GroupUn9	177612	-3.13090993230582	0.00174265597394586	0.029246313301874
GroupUn10	42413	3.309105444304	0.000935945807278053	0.0179674996182259
GroupUn10	43032	4.26737841823982	1.97783499986897e-05	0.000678617164399485
GroupUn10	43111	3.73975487419781	0.000184199794206598	0.00459776299257485
GroupUn10	56252	8.29016008397065	1.13096150446544e-16	3.59512704125366e-14
GroupUn12	77826	-6.05694550738894	1.38730558258516e-09	1.57831565648214e-07
GroupUn12	77830	-4.87175295750929	1.10612424649407e-06	5.17532071692983e-05
GroupUn54	217399	4.89588546442572	9.78640565491469e-07	4.74311535059722e-05
GroupUn64	51193	-3.12569956807873	0.00177382666682395	0.0297232846744702
GroupUn65	67445	-3.51985879525809	0.000431776601805662	0.00948504372421869
GroupUn81	5860	-3.01404792077293	0.00257787084386317	0.0397455464771371
GroupUn106	33903	-3.34577038331089	0.000820543147474375	0.0162425464064158
GroupUn107	42435	-7.22789099539549	4.90552203682225e-13	1.08201800355051e-10
GroupUn115	44679	3.96482135159334	7.34509356581051e-05	0.00211765592031559
GroupUn127	10481	4.37625334483801	1.20736674968119e-05	0.000432093371872657
GroupUn156	15585	3.27116708295071	0.0010710461105787	0.0200621600747566
GroupUn156	15634	4.32977766214459	1.49259964598343e-05	0.000522071746724562
GroupUn162	7652	3.14555586435841	0.00165771532472337	0.0280824251247809
GroupUn163	42460	3.3768016893783	0.000733339014834062	0.0148704091413256
GroupUn165	40248	2.94682729539623	0.00321052458821395	0.0468277324553527
GroupUn165	42030	3.16203109183229	0.0015667283519001	0.0267507109436592
GroupUn171	4071	3.79930163402756	0.000145104400963671	0.00373401991813179
GroupUn234	9725	-3.15573195756303	0.00160095911457788	0.0272490804887523
GroupUn267	14600	5.28850477091645	1.23320273329968e-07	8.17696634448031e-06
GroupUn267	14882	3.18206785374836	0.00146227555562096	0.0257026171222785
GroupUn993	482	-3.59923130434474	0.000319159215780861	0.00730820509355836
GroupUn993	568	-3.5201809824525	0.000431252426232042	0.00948504372421869
GroupUn993	597	-3.26626766721848	0.00108975189742748	0.0202720112003377
GroupUn1942	559	-3.10434444679937	0.00190701175827085	0.031371359335451
GroupUn1942	602	-3.06656874983681	0.00216531007252133	0.0348773044170052
GroupUn2002	7193	3.60206068228809	0.000315704642257322	0.00727534280067619
GroupUn2002	10828	3.70739858723607	0.00020939922838061	0.00519548084063368
GroupUn2002	11009	3.58866222074863	0.00033237914950154	0.0075153846188549
GroupUn2002	11014	3.54400077172137	0.000394104091891747	0.00872843652697951
GroupUn2196	743	2.93864026600112	0.00329655452923125	0.0477602699087551
GroupUn3108	2125	3.16655067515649	0.00154258466330453	0.0264219572757454
GroupUn3116	476	-2.97170930735769	0.00296146934974634	0.0442704851065815
GroupUn3116	801	-3.65849764732104	0.000253698069413759	0.00602630491038221
GroupUn5289	535	-3.78281314034485	0.000155065825894188	0.00395271567515185
GroupUn5289	578	-3.32828682530576	0.000873818508695117	0.0169612724241141
