chr	pos	stat	pvals	fdrs
Group1.1	46872	3.83639382268898	0.000124854138194292	0.00451312215921039
Group1.1	226023	-7.32092879830508	2.46260485224381e-13	9.17787353208659e-11
Group1.1	226035	-6.83497954542725	8.20167303747051e-12	2.01462914065867e-09
Group1.1	344152	-3.14507651915289	0.00166043394031443	0.036401561920727
Group1.1	1141893	3.47788080553103	0.000505394606787806	0.0141510489900586
Group1.1	1141935	4.01520291045683	5.93946731053029e-05	0.00247852365606994
Group1.1	1142269	-5.82380505300983	5.75226710235543e-09	7.77131285528218e-07
Group1.1	1142272	-5.096580303783	3.45843894822668e-07	3.08915769854826e-05
Group1.1	1142434	-3.4420335595642	0.000577358617424305	0.0157181157106345
Group1.1	1263998	-3.04012433301769	0.00236480502157161	0.047243646345926
Group1.2	338449	-3.21950161120156	0.00128413639111817	0.0299115218000112
Group1.2	762763	-4.21646912925033	2.48157240737291e-05	0.00117635239381081
Group1.7	53621	-5.09185915577075	3.54569458257314e-07	3.14113664331561e-05
Group1.7	294841	3.27898309381852	0.00104181877062268	0.02515067743257
Group1.7	295042	4.03671769693651	5.42042278579789e-05	0.00227069494065518
Group1.8	61814	3.78502281274846	0.000153694479152563	0.00536423466691501
Group1.8	268058	-3.05209415255649	0.00227250807748664	0.0456529131997687
Group1.10	228595	4.52636559871358	6.00067324163265e-06	0.000356347672503108
Group1.10	229180	-7.0644069477325	1.61303389565826e-12	4.58780798533539e-10
Group1.10	325604	3.57168895695941	0.000354686506659622	0.0104453726538888
Group1.10	338465	-7.74621252109262	9.4674007214566e-15	4.65107577261377e-12
Group1.10	746574	-4.70392743393626	2.55203985976799e-06	0.000172390292527328
Group1.10	775945	-3.95826119807429	7.549737145278e-05	0.00298892157751519
Group1.14	238113	6.85244710887402	7.25972321747126e-12	1.86816877462927e-09
Group1.15	85833	-5.46188379870935	4.71108426264068e-08	5.30389569902296e-06
Group1.15	1104882	3.11670255189144	0.00182885996203643	0.0392584168511768
Group1.21	475489	3.14283059272752	0.00167322647675617	0.0366077566007707
Group1.21	523244	-6.35499731197926	2.08430265897591e-10	4.09584420694758e-08
Group1.21	600220	-3.3751336736271	0.000737798444969049	0.0191685711375612
Group1.22	32411	-3.67267301440633	0.000240026535080197	0.00765476396123999
Group1.22	402824	9.78294847343763	1.3327047565844e-22	1.80048412614553e-19
Group1.22	640536	-3.59421694072231	0.000325368655958352	0.00979549981503586
Group1.23	27213	-3.05821099232716	0.00222662740800419	0.0452113539490294
Group1.23	129976	3.36344111501837	0.000769772562432451	0.0197617621253443
Group1.23	591009	3.59345798257989	0.000326318290283403	0.00979680022606393
Group1.29	221379	-3.17947465396665	0.00147542272062607	0.033083752623499
Group1.29	406603	-3.19751519462501	0.00138617108293737	0.0316738627154061
Group1.29	654421	3.50775033439749	0.00045191294768906	0.0128533556279562
Group1.29	1613854	-3.66806887890661	0.00024438935413297	0.0077459241626661
Group1.29	1613911	-3.65658387958411	0.000255598798482872	0.00805286025460311
Group1.29	1613966	-4.6402752458435	3.47945421271209e-06	0.000221211418417601
Group1.33	362977	-3.02165990637678	0.0025139282035714	0.0495325744096476
Group1.33	363009	-3.25942430568233	0.00111638566442831	0.0266355325853006
Group1.35	490971	-3.59775766163272	0.000320972466308777	0.00971728407805395
Group1.37	182049	4.66419339948677	3.09829893364537e-06	0.000200517454340355
Group1.37	182251	3.26689717034469	0.00108733167541334	0.0260674375491993
Group1.37	1286797	7.26230565412721	3.80547063984879e-13	1.32675892501567e-10
Group1.40	385728	3.1542349193538	0.00160919493630165	0.0355668279581764
Group1.41	56741	-3.09944929681793	0.00193880759460005	0.0410875146714458
Group1.41	1032049	-4.38134086313703	1.1795117681473e-05	0.000631097187630497
Group1.41	1032068	-5.37796285148191	7.5333354761686e-08	7.82887402177213e-06
Group1.41	1032083	-6.14342895068347	8.07588044692434e-10	1.32248660409634e-07
Group1.41	1032088	-3.18629287626919	0.0014410863259863	0.032578644113852
Group2.1	73277	5.31525920338239	1.06505607771047e-07	1.05606661356832e-05
Group2.5	43848	-3.49826825437919	0.000468289863898464	0.0132148220600903
Group2.7	72148	-3.56013605145819	0.000370662705608339	0.010798173914326
Group2.7	220021	5.0550978777879	4.30170096358587e-07	3.68990349320922e-05
Group2.7	220047	3.84761324069796	0.000119274150574745	0.00434045461081428
Group2.7	220081	3.45178534675683	0.000556890565616053	0.0153151990666114
Group2.7	220129	3.39189005706991	0.000694122863480927	0.0182977558743948
Group2.7	232828	-3.58313593793832	0.000339493815705494	0.0100527374250548
Group2.7	951097	4.84039824744304	1.29579190346343e-06	9.39927442458577e-05
Group2.11	917070	4.93346476806419	8.07836193804938e-07	6.28136228967178e-05
Group2.15	1062635	-8.45981182870959	2.67809305368211e-17	2.22652536339971e-14
Group2.15	1063456	6.05394334497935	1.41342338357492e-09	2.18232570423967e-07
Group2.15	1063630	11.645637299076	2.41509488215371e-31	8.70078182877245e-28
Group2.15	1064042	-10.2631343379172	1.03298329142713e-24	2.23289668274888e-21
Group2.15	1064050	-4.44809111363181	8.66367811893763e-06	0.000488623664042063
Group2.15	1064601	4.10349577551304	4.0695388712113e-05	0.00178795024878259
Group2.15	1069503	18.4830993499877	2.82478453163801e-76	1.52651356089718e-72
Group2.15	1069599	4.57356667973315	4.79490985417795e-06	0.000287907698355307
Group2.15	1069706	20.9221461483078	3.36619538736703e-97	3.63818397466629e-93
Group2.15	1069733	10.184314474476	2.3299625611082e-24	4.1970392267429e-21
Group2.15	1071750	7.13794060442951	9.47395490633242e-13	2.92555727507545e-10
Group2.15	1072971	3.03303438732533	0.00242108009659514	0.0481011648602947
Group2.15	1073280	7.83997118819009	4.50649819361121e-15	2.4353116238275e-12
Group2.15	1074152	-4.97186377521354	6.63122953860243e-07	5.23141086519818e-05
Group2.15	1074656	5.85586441585128	4.7453524976648e-09	6.83836930596816e-07
Group2.15	1075131	-3.13675180269772	0.00170830674626866	0.0372245550678863
Group2.15	1075700	8.1140074000709	4.89771559496309e-16	2.94080611946451e-13
Group2.15	1075866	4.75619107848455	1.97279751176991e-06	0.000139359447759537
Group2.15	1075908	3.30183029738833	0.00096056166606411	0.0236932859529873
Group2.18	1222481	-6.99587719596429	2.63604359821412e-12	7.12258980237455e-10
Group2.19	3059	-3.30041053318413	0.000965434898999476	0.0237145917917871
Group2.19	544293	3.78475604114583	0.000153859432526245	0.00536423466691501
Group2.19	548293	3.49278586832505	0.000478009650613295	0.0134190345553987
Group2.19	1023312	3.55673531552953	0.000375492138983751	0.010880211898489
Group2.19	1023392	-4.16062532208242	3.17377401043157e-05	0.00144126678591363
Group2.19	1023404	-4.08646377771191	4.37997830251856e-05	0.00189355221974482
Group2.19	1225442	4.42527125856827	9.6321172041189e-06	0.000531142462969985
Group2.19	1227512	-3.06859419323366	0.00215068516661052	0.0440238736377396
Group2.19	1267978	3.65726784017454	0.000254917969536302	0.00805286025460311
Group2.19	1268016	4.37042227618163	1.2400648923092e-05	0.000656991242944994
Group3.4	455804	-3.08423610154809	0.00204075570775884	0.0424202204422418
Group3.5	765493	-3.37566904994349	0.000736364382233774	0.0191685711375612
Group3.7	79733	-5.03228738913146	4.84661978334409e-07	4.02940512449099e-05
Group3.7	79744	-4.77122113110572	1.83112372200987e-06	0.00013106480256611
Group3.7	285245	-4.15264937170269	3.28648095655561e-05	0.00148001192410221
Group3.8	955234	3.87339903411258	0.000107327882297106	0.00401383997185856
Group3.8	955320	3.83701240066278	0.000124540185595702	0.00451312215921039
Group3.8	955358	4.30605639438321	1.66190705334539e-05	0.000851274475476633
Group3.8	955503	3.5838027904851	0.000338627796785577	0.0100527374250548
Group3.8	955525	3.75973804236885	0.000170091366904263	0.00587331467572292
Group3.8	955558	5.32252595035192	1.02336179755071e-07	1.0332921323899e-05
Group3.8	955581	3.32564181948577	0.000882152098612521	0.0219179307627681
Group3.8	955634	3.84834730091715	0.000118917384889725	0.00434045461081428
Group3.8	955733	3.17223583087654	0.00151270112323654	0.0338494280330032
Group3.8	955741	3.52143980774077	0.000429210097412685	0.0122722294519479
Group3.8	955807	4.85013263003511	1.23378947356657e-06	9.1180093085326e-05
Group3.8	955896	3.36205538133012	0.000773646055103375	0.0198141387762021
Group3.8	955905	3.26230255472561	0.00110511126932602	0.0264248730063621
Group3.8	956227	3.92495566782131	8.67457117505722e-05	0.00336038585161356
Group3.8	956385	4.67004464855751	3.01134277968002e-06	0.000197252077350192
Group3.9	423307	3.4111983041239	0.000646780334540818	0.0173459103119533
Group3.9	423346	3.86103088629365	0.000112909627801527	0.00416493944463788
Group3.14	61195	-3.09984623627114	0.00193621130246881	0.0410875146714458
Group3.15	346395	3.55866298076581	0.000372747461254291	0.0108297165624634
Group3.15	346410	3.74192676753997	0.000182614736599646	0.00618714756479302
Group3.15	465130	4.67619467400817	2.92247189516888e-06	0.00019377960885267
Group3.15	465159	3.40640195303559	0.000658251888319209	0.0175663861949482
Group3.15	474819	4.69501746407586	2.66583947707196e-06	0.000178958963156483
Group3.15	475501	4.23510138718311	2.28448609063057e-05	0.00110997901007758
Group3.15	481556	-3.23269660964104	0.00122627720172784	0.0287176921412675
Group3.15	636890	-5.12717866348672	2.94116380345868e-07	2.67126877208248e-05
Group3.15	637253	-3.72976151114779	0.000191661093778673	0.00641322941659412
Group3.15	685111	-3.83547147611613	0.000125323651112212	0.00451499340406931
Group3.15	766507	3.73317365327504	0.000189082136088665	0.00634658300262825
Group3.15	767324	3.21391301991256	0.00130939331580484	0.0304342429187499
Group3.16	515085	-4.88696169698799	1.02404006890328e-06	7.79424300331453e-05
Group3.16	515116	-8.69723632014033	3.40064754520039e-18	3.3412907880478e-15
Group3.16	516117	3.10668947204011	0.00189195022120665	0.0404114584798449
Group3.16	547428	3.63781600056142	0.000274959738028709	0.00853955416268472
Group3.16	547440	4.14371324112105	3.41727012651562e-05	0.00151991175009798
Group3.18	200015	3.96841396230857	7.2352570132689e-05	0.00289624658516335
Group3.18	200099	3.29517973216011	0.00098358748885179	0.0239968703826414
Group3.18	326408	-3.75321327802598	0.000174582195948576	0.00600918590386054
Group3.18	330034	7.3866116910655	1.50617634135358e-13	6.02916811012944e-11
Group4.5	1257282	4.64815681486816	3.34914265602079e-06	0.000214186590688004
Group4.5	1258987	-3.5616578333735	0.000368520462423915	0.0107647815077775
Group4.6	184463	6.18618478221671	6.1637752619918e-10	1.07448521018722e-07
Group4.6	189727	4.0938135633603	4.24335555050808e-05	0.00184798519214163
Group4.6	191450	3.29719480619031	0.000976557421594939	0.0238792593045206
Group4.6	520855	-5.73132967776054	9.9646375906479e-09	1.29756389252678e-06
Group4.6	608334	5.40007584455092	6.66127285846102e-08	7.05833696610262e-06
Group4.6	622622	-3.7480715383087	0.000178199433301702	0.00609487175672403
Group4.7	308468	-4.12999533511562	3.62770595185284e-05	0.00160033656847451
Group4.7	308485	-3.74056075505511	0.000183610155521885	0.00620143300275166
Group4.7	308520	-5.40085374103349	6.63244857254199e-08	7.05833696610262e-06
Group4.9	2152669	-4.45612268720917	8.34552832044918e-06	0.000477240582473094
Group4.9	2152813	6.62203160946816	3.54295266539612e-11	7.81474130767373e-09
Group4.9	2182475	5.52996934637133	3.20286750725141e-08	3.80402110092014e-06
Group4.11	222972	6.25654094928706	3.93609790143324e-10	7.21039764723568e-08
Group4.13	38436	3.58552921871525	0.00033639533507407	0.0100485511577823
Group4.13	1970406	-3.14847600113441	0.00164124199149335	0.0362011090695104
Group4.13	2227187	-3.35992075117418	0.000779648332078205	0.0199206599836909
Group4.13	2290637	3.43673384747499	0.000588773853558189	0.0159886125860726
Group4.16	241019	3.39013392423378	0.000698584868649812	0.0183705724096525
Group4.16	250230	5.84331220164021	5.11729821956376e-09	7.18282586455131e-07
Group4.16	534563	4.97855932790811	6.4059308100568e-07	5.09344420811824e-05
Group5.2	728094	4.74656778561824	2.06897407501177e-06	0.0001433427679662
Group5.9	67078	3.73869763954378	0.000184976040603961	0.00622810294968104
Group5.9	67275	6.68793594598506	2.26340158000367e-11	5.09642589097494e-09
Group5.9	67309	3.45510660769336	0.000550075273687561	0.0151663611173856
Group5.9	1347048	8.12079205850276	4.6315098833538e-16	2.94080611946451e-13
Group5.11	265906	-4.25301428457176	2.10912116991069e-05	0.00104088500476688
Group5.11	266235	3.69518686523116	0.000219725127556119	0.00715297945369437
Group5.11	573627	-3.71118009073032	0.000206295265919487	0.00679768059163968
Group5.14	763071	-3.39387430470502	0.000689113139994433	0.018254742198676
Group5.14	763637	5.82556889098051	5.69183734278195e-09	7.77131285528218e-07
Group5.14	763649	4.15497836994722	3.25318316129675e-05	0.0014711465944475
Group5.14	765769	3.91445763205989	9.06076451703177e-05	0.00348500864413094
Group5.14	765804	3.74555332925587	0.000179996604046758	0.00613691891652163
Group5.14	768194	-5.1561273280183	2.52109496501808e-07	2.32888840871072e-05
Group5.14	768254	-5.80505446271086	6.43450851300341e-09	8.58569975414085e-07
Group5.14	1222031	3.23563003067403	0.00121374588991354	0.0286407570945483
Group5.14	1222041	5.85241324722818	4.8449097790943e-09	6.88997169637516e-07
Group5.14	1226259	-7.82119574974259	5.23239048990122e-15	2.69293697213583e-12
Group5.14	1493983	-4.90321986841436	9.42783567273956e-07	7.22667006744463e-05
Group5.14	1494014	-4.61272956059129	3.97415240042978e-06	0.000248281151120492
Group5.14	2106049	-3.37413239501275	0.000740487441533734	0.0191922980050278
Group5.14	2263633	3.13187948966596	0.00173691153520169	0.0377717100049495
Group5.14	2284152	-4.65335304740137	3.26580374580659e-06	0.000210100040980224
Group5.14	2284161	-4.32107221801436	1.55272840028173e-05	0.000802961174652868
Group5.14	2284207	3.3435631955829	0.000827098534850946	0.0210067267564718
Group5.14	2448090	9.95014126702818	2.51825482912941e-23	3.88818545617582e-20
Group5.14	2532646	-3.90215831503802	9.53387654750148e-05	0.00364106493729314
Group5.14	2533003	-3.2788158784072	0.00104243625630829	0.02515067743257
Group5.15	25558	3.98636293836801	6.70938563220171e-05	0.00272612932003143
Group5.15	58681	3.6237428514433	0.000290370305914505	0.0089666350466399
Group5.15	63905	-4.60885886572534	4.04885047058921e-06	0.000251494114288093
Group5.15	212189	4.98524500457503	6.18833451471568e-07	5.01345148725654e-05
Group5.15	212207	4.72043916467668	2.35335987131383e-06	0.000159969267227421
Group5.18	195220	-3.53015774355034	0.000415311969984032	0.0119063442217173
Group5.18	321770	5.35033418651448	8.77919597673284e-08	9.036719058717e-06
Group5.18	483418	3.0564538685248	0.00223971942263512	0.0452113539490294
Group5.18	602530	-3.57701661127132	0.000347538096402038	0.010262818977905
Group5.18	626699	-3.64957104891675	0.000262678580840402	0.00818164294444686
Group5.18	626715	-3.67595656318913	0.000236959842203935	0.0076222082575599
Group5.18	626727	-3.44321659568365	0.000574838728146375	0.0156890327621364
Group5.18	626953	-3.74278188993033	0.000181994189835544	0.00618551321931623
Group5.20	223987	-3.19844410482006	0.00138171315475585	0.031638889357206
Group5.20	412051	3.70693176808853	0.000209785433695954	0.00685003313409629
Group5.20	412361	-3.51744127973554	0.000435728745044257	0.0124257421541908
Group5.20	423692	4.06831876414961	4.73535716940521e-05	0.0020229146358471
Group5.20	424867	5.32090426658848	1.03252729735482e-07	1.0332921323899e-05
Group5.20	425248	3.09207137574428	0.00198765050639218	0.0417136440254111
Group5.20	476411	7.56964440260645	3.74247244916867e-14	1.68536009294229e-11
Group5.20	481842	-3.09336986822706	0.00197897322680296	0.0416440866510796
Group5.20	517294	3.16926253811892	0.00152826281249562	0.0341269927220097
Group5.20	517394	4.40676504746003	1.04925895229419e-05	0.000569868882230936
Group5.20	517462	-7.19385650111473	6.29863946791809e-13	2.00222633438996e-10
Group5.20	638720	-5.89468570836596	3.75395197067e-09	5.48279904040559e-07
Group5.20	674728	-3.25477561499711	0.0011348198731717	0.0270157118705721
Group6.2	454109	-3.57086651059253	0.000355802204333624	0.010449756044668
Group6.2	489861	3.86434026588291	0.000111389854643883	0.00413829938244097
Group6.2	566002	3.62201412499447	0.000292318155810192	0.00900106731622949
Group6.10	342266	3.47126023353508	0.000518021712765472	0.0144532596777235
Group6.14	370833	-4.59019599549137	4.42829992681357e-06	0.000268882391061804
Group6.15	254546	-3.27747456091672	0.00104740168158693	0.025212288139402
Group6.16	156124	-6.99709449123641	2.61325051660926e-12	7.12258980237455e-10
Group6.20	139766	5.01504023087948	5.30223700600147e-07	4.34140739097454e-05
Group6.20	808472	6.16116322125445	7.22125113527285e-10	1.2194887854692e-07
Group6.20	877354	3.0980370958174	0.0019480704228017	0.0412030237370661
Group6.20	877724	-3.23502256170636	0.0012163311904513	0.0286407570945483
Group6.20	900381	-3.09439346865683	0.00197215745944925	0.0416310113705615
Group6.20	901573	3.44371552642649	0.0005737790695288	0.0156890327621364
Group6.28	42259	-3.8023424976786	0.000143334388674421	0.00506260808102332
Group6.32	122125	-5.08788536063647	3.62078120965794e-07	3.18157750520187e-05
Group6.32	122140	-4.47060021086527	7.80003853096393e-06	0.000448419236397118
Group6.36	194767	3.08745231507165	0.00201880158155542	0.0422852858400214
Group6.36	201085	-3.06947436743655	0.00214435805988753	0.0440238736377396
Group6.37	401153	-4.22122015852015	2.42983473804388e-05	0.00116202008180435
Group6.37	401492	-3.89866299443237	9.67252821711725e-05	0.00368101003417617
Group6.38	687216	3.79359205929147	0.000148483544748313	0.00521042257025897
Group7.2	103496	-6.79284496672587	1.09943512127595e-11	2.58319451972836e-09
Group7.2	103500	-6.86567743426017	6.61764538891643e-12	1.74447588691241e-09
Group7.2	114761	-4.91788586712936	8.74838916823449e-07	6.75375643787703e-05
Group7.5	759936	3.3295025575015	0.000870012651909866	0.0217161587571405
Group7.6	170625	-6.78038283694315	1.19857844578225e-11	2.75622039191799e-09
Group7.6	171019	-3.20657253143164	0.001343264372674	0.0309552267374426
Group7.6	211845	6.25278275623309	4.03202829258022e-10	7.26302696436784e-08
Group7.6	211866	5.61250695426964	1.99416193170794e-08	2.44919342703403e-06
Group7.6	234564	3.3892111646526	0.000700940097185209	0.0183877683747033
Group7.6	234581	3.38708321335247	0.000706399584583848	0.0184861179423298
Group7.6	242505	5.47666960180788	4.33405364200375e-08	4.93078439608174e-06
Group7.6	242516	4.45371203624626	8.43982785359251e-06	0.00048009294442962
Group7.6	246439	-4.42751561189925	9.53246749605824e-06	0.000531066539677306
Group7.6	246550	-4.36913482266505	1.24739741286914e-05	0.000657652255526327
Group7.7	24236	3.49732354285536	0.000469951496486855	0.0132271764948696
Group7.7	159792	5.04154895902652	4.6177867511327e-07	3.8882742247993e-05
Group7.9	102391	-4.49787071296482	6.86374129357615e-06	0.000401762486284991
Group7.9	315754	-4.23595613643975	2.27581204278147e-05	0.00110997901007758
Group7.17	382034	3.60057319670071	0.000317516423276039	0.00965247412399364
Group7.17	382775	-3.1293157954457	0.00175213891042805	0.0379501349577282
Group7.17	602182	-4.49746188123704	6.87694855317573e-06	0.000401762486284991
Group7.21	31095	-3.16755128609491	0.00153728592308437	0.0342577036220533
Group7.21	31311	4.15049953640973	3.31750440271621e-05	0.00148778371720152
Group7.21	1499843	3.31790606613275	0.000906949794883279	0.0224309230734519
Group7.21	1500132	4.37791096017734	1.19822280265346e-05	0.000637950347343774
Group7.24	417029	-4.63596978748508	3.55267859170871e-06	0.000224545907714548
Group8.1	271791	-3.2328202149962	0.00122574676837107	0.0287176921412675
Group8.5	268011	-3.68703093354886	0.000226885786002991	0.00734186100335426
Group8.6	373773	-6.84146871126158	7.83853267635459e-12	1.97020607362885e-09
Group8.6	373789	-8.54873907586279	1.24440478125322e-17	1.1207939063154e-14
Group8.6	385377	3.33376281097226	0.000856796865548124	0.0215354895880096
Group8.6	1587767	3.42412059649959	0.000616792430915181	0.016624171055689
Group8.6	1590798	4.23592692965717	2.27610791709266e-05	0.00110997901007758
Group8.6	1590809	3.62419561931192	0.000289862160790813	0.0089666350466399
Group8.6	1591331	-5.41135405156713	6.25499626598931e-08	6.82868683260732e-06
Group8.6	1615624	-4.6061355911342	4.10220960347909e-06	0.000253352465110868
Group8.6	1615710	-5.19268354768297	2.07284345812203e-07	1.94811235612025e-05
Group8.6	1615712	-6.46783116098943	9.94194897052368e-11	2.06639585525807e-08
Group8.7	29845	4.18893537845136	2.8026618787916e-05	0.00130370312500474
Group8.7	927496	7.12524760151218	1.03893751156664e-12	3.11912128472563e-10
Group8.7	942743	4.38749134030117	1.14665557599348e-05	0.000616569824146144
Group8.8	170255	-7.25698235702068	3.95821309851745e-13	1.33688647402427e-10
Group8.8	171331	-5.54994989349286	2.85751485204472e-08	3.43155783565549e-06
Group8.8	555395	3.08474020625777	0.00203730023543395	0.0424202204422418
Group8.8	559623	-6.14647740728032	7.92226007308215e-10	1.31728902876726e-07
Group8.8	559841	-3.27879452685935	0.00104251512673865	0.02515067743257
Group8.8	580459	3.0489598552429	0.00229635165350893	0.0460463240651661
Group8.8	676432	5.42011077919368	5.95621152523078e-08	6.63657053244271e-06
Group8.8	727018	3.33137669918306	0.000864175738513831	0.0216253354308928
Group8.8	754473	3.40863551372759	0.000652886486831985	0.0174663295784161
Group8.8	757933	3.44621363382814	0.00056850073995601	0.0155948121762552
Group8.8	764381	3.95861707467561	7.53849867478768e-05	0.00298892157751519
Group8.8	764438	3.98496000302424	6.74914928979605e-05	0.00273201518816913
Group8.8	780820	-3.28739622359074	0.00101118450563273	0.0245592857008507
Group8.9	126704	3.65297292290861	0.000259221575281359	0.00809730284867321
Group8.9	463614	10.6318433807078	2.11882466073912e-26	5.72506423331711e-23
Group8.9	1042068	-3.83372523625084	0.000126217121772987	0.00453207525622073
Group8.9	1042401	-3.20933579435473	0.00133042014982357	0.0307253235177718
Group8.9	1075280	-4.28273247684868	1.84612084147046e-05	0.000923744169195035
Group8.9	1079413	3.94068187420518	8.12503205709876e-05	0.00317022911455319
Group8.9	1110853	-3.87537237665333	0.000106461767025557	0.00399527353476464
Group8.9	1358424	4.09649623068341	4.19450314620626e-05	0.00183539230786224
Group8.9	1483362	4.29363075985101	1.7577471231248e-05	0.000887744434894057
Group8.9	1484270	3.24913892982057	0.00115754928383125	0.0274962476036224
Group8.9	1484371	3.77713413008978	0.000158643305057701	0.00551323743107277
Group8.9	1484386	-4.72108923506784	2.34584985500897e-06	0.000159969267227421
Group8.11	330349	-3.21288723511786	0.00131407871968219	0.0304776025800967
Group8.11	330582	-3.72798650166397	0.000193015713421451	0.00643862293413285
Group8.11	333790	-5.04059404838315	4.64088985010279e-07	3.8882742247993e-05
Group8.11	386573	4.77945242354	1.75773258846706e-06	0.00012665049210768
Group8.11	434216	3.08343888846601	0.00204623131961026	0.0424484992367518
Group8.11	438800	-4.00801610421432	6.12309459081392e-05	0.00253557112404279
Group8.11	438842	-3.83110890719682	0.000127567020719536	0.00456537867528724
Group8.11	438844	-4.29624230758743	1.73717694827505e-05	0.000885632474384752
Group8.11	439014	-3.03091778363175	0.00243811626669859	0.0483507534137218
Group8.11	439031	-4.13116558878905	3.60928464284638e-05	0.00159873559097884
Group8.11	439047	-3.8594264211322	0.000113653469718638	0.0041781180296566
Group8.11	439450	-3.87584787899634	0.000106254053689642	0.00399527353476464
Group8.11	443677	-4.16551418621811	3.10651604338999e-05	0.00142267904224403
Group8.12	45211	-3.05990356449079	0.00221408270418731	0.0450655477718577
Group8.12	182599	3.87710693728682	0.000105705905517821	0.00399527353476464
Group8.14	37619	3.328060316189	0.000874529300441224	0.021778600643246
Group8.14	99327	-8.18607292299982	2.69888235493381e-16	1.82309503075779e-13
Group8.14	99387	-7.67738076765376	1.6237425650376e-14	7.63017810562015e-12
Group8.14	99394	-8.20503085107156	2.30531680857424e-16	1.66105760447136e-13
Group8.17	32344	3.66989302209754	0.000242651996358208	0.0077134787548221
Group8.21	565676	3.42962817025827	0.000604408897036695	0.0163720585442922
Group8.21	566672	6.0726182799866	1.25841344143395e-09	2.00013712867914e-07
Group8.21	567581	4.59508003909198	4.32583191400459e-06	0.000264144583765885
Group8.21	567636	4.67855401450034	2.88905068287456e-06	0.000192746048027829
Group8.21	567780	4.86872356281646	1.12321402207822e-06	8.372204931463e-05
Group8.21	573307	5.55963120134776	2.70345302865687e-08	3.28302475659815e-06
Group8.21	604990	3.02140544000455	0.00251604213091197	0.0495325744096476
Group9.10	211488	-3.12788637992639	0.00176068230076984	0.0380405965787484
Group9.10	278526	-3.99076861041928	6.58595114903823e-05	0.002705927941438
Group9.10	810953	4.41341315724949	1.01753545285719e-05	0.000558249907334036
Group9.10	810991	3.01529889901396	0.00256726121037905	0.0499945210122105
Group9.10	812731	-5.77318777077652	7.77856753290926e-09	1.02525314506931e-06
Group9.10	1233563	3.08420876440645	0.00204094324851645	0.0424202204422418
Group9.10	1691136	4.52672694802847	5.99042610235635e-06	0.000356347672503108
Group9.10	1783320	3.19185801991687	0.00141360800268473	0.0322326482975033
Group9.10	1783618	-3.75006697915967	0.000176787343207949	0.00606577017584606
Group9.10	1783840	-3.05556820716324	0.00224634502874063	0.0452113539490294
Group9.10	1799509	-4.5998211366777	4.22853855074285e-06	0.000259670708275163
Group9.10	1911286	3.54278931580998	0.000395918870141384	0.0114414201831232
Group9.10	1911406	-3.29203184089777	0.000994663495903276	0.0242124393327086
Group9.10	1911442	-7.11767550699274	1.0976240817147e-12	3.20624893923581e-10
Group9.10	2514476	3.53082112716484	0.000414271799675524	0.0119063442217173
Group9.10	4307299	-4.8466093630569	1.25589370072197e-06	9.17141832256961e-05
Group9.12	547763	3.6002276978821	0.000317938636948717	0.00965247412399364
Group9.12	577670	-3.3313131248755	0.000864373140835093	0.0216253354308928
Group9.12	583093	4.01120626769209	6.04093022214993e-05	0.00251116822465371
Group9.12	718082	-3.06890824817202	0.00214842563037163	0.0440238736377396
Group9.12	718217	3.20580883503498	0.00134683431645427	0.0309714580685911
Group9.12	865844	4.40058010252212	1.079618633652e-05	0.000583425909625541
Group9.12	867259	3.04631432922213	0.0023166550937051	0.046367422690305
Group9.12	1250599	-3.34326585560003	0.000827985344028218	0.0210067267564718
Group9.12	1397859	5.38095996758367	7.40896711124495e-08	7.77438024644034e-06
Group9.12	1397874	6.26202412994742	3.80012116797998e-10	7.08132923853925e-08
Group9.12	1397900	3.91750751850135	8.94692562047044e-05	0.00345351328950159
Group9.12	1398154	3.61643446929731	0.000298688888185998	0.00917110654407463
Group9.12	1398810	4.18916457411534	2.79983298688007e-05	0.00130370312500474
Group9.12	1398812	3.65587257618499	0.000256308653551394	0.00805286025460311
Group10.21	246954	4.18147562833905	2.89623299708493e-05	0.00133771308685871
Group10.24	91310	3.71821075880122	0.000200638847124902	0.00664145834853629
Group10.24	373263	4.34240232288759	1.4093314879648e-05	0.000735848054199205
Group10.24	1031561	3.14700464746953	0.00164952339941509	0.0362358717497526
Group10.25	34030	-5.94784137085675	2.71701706511947e-09	4.07854450552933e-07
Group10.25	34050	-6.24458212943381	4.24934605770984e-10	7.52900527733245e-08
Group10.25	34081	-7.27129151229919	3.56066603778929e-13	1.28278928454755e-10
Group10.25	34254	-3.58327158614268	0.000339317486252541	0.0100527374250548
Group10.25	60693	5.27721792455788	1.31159875043493e-07	1.25449197298236e-05
Group10.25	60903	-3.05644292760527	0.00223980116197214	0.0452113539490294
Group10.25	62938	7.39844694412459	1.37786422270416e-13	5.72767558422561e-11
Group10.25	63043	-3.12744054359869	0.00176335481920364	0.0380405965787484
Group10.25	82932	-4.23453956175404	2.29020465624816e-05	0.00110997901007758
Group10.25	82949	-4.04387598441874	5.25747361396004e-05	0.00221963964139376
Group10.26	215811	-3.67384299467818	0.000238929578783136	0.00765476396123999
Group10.26	1070258	3.14041510919177	0.00168708594328049	0.0368364138888396
Group10.26	1458217	3.98312305394541	6.80155150362939e-05	0.00274295405415024
Group10.26	1458550	4.03684383534411	5.41751043921053e-05	0.00227069494065518
Group10.26	1467899	4.40841860158048	1.04128141024929e-05	0.000568392398079513
Group10.26	1623184	3.11619924739881	0.00183198445173833	0.0392584168511768
Group10.26	1626147	4.31838582486215	1.5717449468384e-05	0.000808924732639495
Group10.26	1687045	8.10357798341133	5.33659929910908e-16	3.0356823802511e-13
Group10.26	1741559	3.23177779132966	0.00123022681915311	0.0287176921412675
Group11.1	563471	3.8759247611546	0.000106220505248985	0.00399527353476464
Group11.3	121411	3.93128161631082	8.44942268911468e-05	0.0032849410224443
Group11.3	126156	4.22971187661107	2.33990806758651e-05	0.00112900564261049
Group11.3	187626	3.06684697573137	0.0021632957287497	0.0441982991234911
Group11.3	394625	-3.08542367911802	0.00203262382663386	0.0424202204422418
Group11.3	394627	-3.6060360147205	0.000310910005518955	0.00949241621369735
Group11.6	238635	3.36863877184771	0.000755403592461088	0.0194854463659175
Group11.6	240028	5.0504005286021	4.40884648698141e-07	3.75203250640119e-05
Group11.6	1164891	-3.03656019445868	0.00239294324211008	0.0476297063733439
Group11.6	1173230	-3.6860842863296	0.000227730955664461	0.00734721244424327
Group11.6	1173393	-3.26678797391564	0.00108775114125545	0.0260674375491993
Group11.6	1173564	-4.21542882094472	2.49304016147102e-05	0.00117662786310824
Group11.6	1292088	-4.44768143949728	8.68021312880052e-06	0.000488623664042063
Group11.6	1403386	3.36584905443774	0.000763084531400465	0.0196367086080386
Group11.6	1403491	3.37335515294059	0.000742581046054349	0.0192005166166397
Group11.6	1406948	4.48177850570275	7.40235495047999e-06	0.000427832365266245
Group11.6	1407065	6.32187513560504	2.58408154973994e-10	4.98727739099809e-08
Group11.16	738417	-4.00273095979989	6.26154926351066e-05	0.0025830085664131
Group11.16	740467	-4.43592499812249	9.16777658066263e-06	0.000513395488517107
Group11.16	1361137	-4.07914308612007	4.52020101657251e-05	0.00194638775247473
Group11.18	1255209	-5.12730451421074	2.93919909797028e-07	2.67126877208248e-05
Group11.18	1260275	-6.4977420678216	8.1534436193221e-11	1.72789056152222e-08
Group11.18	1759740	-4.52456315815434	6.05203785784071e-06	0.000357434017308975
Group11.18	2571672	6.00802965278809	1.87791501260764e-09	2.85866274031878e-07
Group11.18	2571692	6.81526445833503	9.40905166921902e-12	2.25984512090931e-09
Group11.18	2746418	4.57615570138314	4.73598120488605e-06	0.000285958015991108
Group11.18	2872027	3.20933038753431	0.00133044517082876	0.0307253235177718
Group11.18	2872050	3.07115198697444	0.00213234578230843	0.0438978918384563
Group11.18	3310967	-5.18468787848966	2.16376924805129e-07	2.01603603732227e-05
Group11.18	3406747	3.18626693134372	0.00144121557619837	0.032578644113852
Group11.18	3533984	3.49905387793683	0.000466912223675804	0.0132104379934243
Group11.18	3534230	-4.0505608487383	5.10950203702479e-05	0.0021656273731829
Group11.18	3537323	-3.85226844963031	0.000117028621987156	0.00428761134385485
Group11.18	3537327	-3.39189907853491	0.000694100010163603	0.0182977558743948
Group11.18	3537341	-3.67259836428141	0.000240096686052957	0.00765476396123999
Group11.18	3537414	-4.06563964022632	4.79009027192309e-05	0.00203823998657263
Group11.18	3644883	4.21952999008713	2.44812157333459e-05	0.00116560783985023
Group11.18	3665804	-8.83444077257932	1.00600244402769e-18	1.08728744150513e-15
Group11.18	3666094	3.05568938726223	0.00224543742477822	0.0452113539490294
Group11.18	4730852	4.8794187020138	1.06398969915204e-06	8.04167878911554e-05
Group11.18	4730867	3.01924940584602	0.00253401830330643	0.0496719637610368
Group11.18	4730904	4.14487428037121	3.40000195271551e-05	0.00151848021094831
Group11.18	4731820	3.47082481108675	0.000518862394055951	0.0144532596777235
Group11.20	57566	4.66466683823753	3.09117448383676e-06	0.000200517454340355
Group11.20	58787	-6.4030054712869	1.52347731260794e-10	3.10674392352201e-08
Group11.20	58868	8.44985009398198	2.91677086769599e-17	2.25174710986131e-14
Group11.20	58904	4.29384928562621	1.75601701977153e-05	0.000887744434894057
Group11.20	59928	3.16066092848629	0.00157411622802627	0.0348628036731719
Group11.20	66611	-3.06175154684605	0.00220046014912437	0.0448727797957286
Group11.20	66683	4.74221975682207	2.11389135665328e-06	0.000145521896705151
Group11.20	68480	3.34002781431788	0.000837699995311184	0.0212034228321388
Group11.20	70919	5.28615309876194	1.2491536054407e-07	1.20543322925028e-05
Group11.20	76510	3.4009265310016	0.000671578745940994	0.0178339633565854
Group11.20	324328	-3.97341393857158	7.08497646639463e-05	0.00284663292374696
Group11.20	324343	-3.31987896912804	0.000900564818194578	0.0223240930161628
Group11.20	493629	4.1896436281233	2.79392893441923e-05	0.00130370312500474
Group11.20	555586	6.53226686708691	6.47815898255771e-11	1.40031884566968e-08
Group11.20	584849	-4.36539064716682	1.26895772456809e-05	0.000665771606171452
Group11.20	584916	4.18829850391598	2.81053689976041e-05	0.00130370312500474
Group11.20	584987	3.71783208156174	0.000200939755733842	0.00664145834853629
Group11.20	585838	5.20276845210756	1.96341440147993e-07	1.86145463606974e-05
Group11.20	586037	-4.97845997964266	6.40921921080755e-07	5.09344420811824e-05
Group11.20	646903	-3.14730957039767	0.00164780401075448	0.0362358717497526
Group11.20	709039	3.33407954601876	0.000855821790573243	0.0215354895880096
Group11.20	719274	-3.11582101544916	0.00183433572444895	0.0392584168511768
Group11.20	721079	-5.68819356626955	1.28390246210839e-08	1.63251974240794e-06
Group11.20	721112	3.86427060963606	0.000111421643254101	0.00413829938244097
Group11.20	916715	-3.0808888995028	0.00206383641067983	0.0427316933460299
Group12.5	166158	3.16273962109356	0.00156292052132988	0.0346859240134156
Group12.5	166170	3.0378583556686	0.00238265920165835	0.047512510427165
Group12.8	332415	-4.67080131819608	3.0002702664635e-06	0.000197252077350192
Group12.10	17475	3.30130112900199	0.000962375326920933	0.0236932859529873
Group12.16	6828	5.828328386698	5.59853290494265e-09	7.75755687648976e-07
Group12.16	6846	4.87308660182951	1.09868031659713e-06	8.24620615401511e-05
Group12.16	7143	3.02969049588693	0.00244804466830775	0.0484587303572714
Group12.16	384839	5.50921095760884	3.60445727600761e-08	4.23445372164024e-06
Group12.16	385494	3.53939936705234	0.000401038641029909	0.01155846835267
Group12.16	385502	3.81264938724308	0.000137485079566443	0.00488795638142803
Group12.16	385639	3.79913498185081	0.000145201997590599	0.00511186706827099
Group12.16	385650	3.1042066408227	0.00190790026954535	0.0406717674817479
Group12.17	2282994	-3.41534424920675	0.000637014481492685	0.0171264987959526
Group12.17	2693750	-4.84911362104264	1.24014375310353e-06	9.1180093085326e-05
Group13.7	150038	-3.05763371373731	0.00223092085188111	0.0452113539490294
Group13.7	150047	-3.45709026137501	0.000546041920993305	0.0150936600565106
Group13.9	230333	-5.02086377224834	5.1439632953566e-07	4.24396605314612e-05
Group13.10	1108947	9.06863673872846	1.20515357569707e-19	1.44725553845933e-16
Group13.12	408277	5.08344541971998	3.70649121436077e-07	3.2047805635849e-05
Group14.5	258544	3.01890387927981	0.00253691006625577	0.0496719637610368
Group14.5	258832	3.18635935971907	0.00144075517318453	0.032578644113852
Group14.9	1624289	3.23201218518685	0.00122921814281776	0.0287176921412675
Group14.13	1198268	3.1304429727564	0.00174542884658885	0.0378807127990608
Group14.14	800019	5.49752333101052	3.85162368772804e-08	4.47616653945856e-06
Group14.14	800108	4.98438907473405	6.21578922365264e-07	5.01345148725654e-05
Group14.14	800587	-3.98922468277146	6.62896097346207e-05	0.002705927941438
Group14.14	800754	-3.12036553498492	0.00180626743063879	0.0388887218931156
Group14.14	944183	-3.5964520445139	0.00032258702058612	0.00973888412987371
Group14.14	944185	-3.07606411956068	0.00209752733403776	0.0432635027219086
Group14.14	947941	3.16626710841494	0.0015440893482805	0.0343385137370692
Group14.14	954531	3.0278272460268	0.0024631885584423	0.0486693636922201
Group14.14	957068	3.40211498459295	0.000668664981770959	0.0178003229630062
Group14.15	227301	3.70883251078208	0.000208217097097036	0.00684015314718775
Group14.15	227318	3.86316273370646	0.000111928389949081	0.00414288369373174
Group14.15	227703	3.95161258339674	7.76263376370073e-05	0.00306199071963787
Group14.15	684458	-3.90638289583908	9.36880149056502e-05	0.00359070945071017
Group14.15	685315	3.7077195307731	0.000209134095243613	0.0068494584890696
Group14.15	1386735	6.36467258394884	1.95706756595579e-10	3.91703449126855e-08
Group14.15	1387086	-3.95015310852137	7.81012164150379e-05	0.00306951980732265
Group14.15	1395929	5.297505311417	1.17395491637768e-07	1.14307249875766e-05
Group14.15	1395991	3.1857378428258	0.00144385367603027	0.032578644113852
Group15.13	450706	3.37616177631753	0.000735046850204293	0.0191685711375612
Group15.14	1065372	-3.18641674362519	0.0014404694014382	0.032578644113852
Group15.19	166985	-3.01610520226332	0.00256044407501404	0.0499517681638119
Group15.19	172609	5.11068648415896	3.20990285755912e-07	2.89105250704158e-05
Group15.19	172626	5.90009297797356	3.63296784119936e-09	5.3787830722853e-07
Group15.19	904042	-6.05775654656333	1.38033090705047e-09	2.16211832513065e-07
Group15.19	904238	-3.82499515887707	0.000130774656232254	0.00466472767180924
Group15.19	1331883	3.23926314422823	0.00119838954179905	0.028341781548718
Group15.19	1691643	4.33768037917883	1.43994347714847e-05	0.000748216783702916
Group15.19	1909853	-7.37188897282667	1.68227098562847e-13	6.4935660045259e-11
Group15.19	2311058	3.24553949499522	0.00117228302143314	0.0277851642448451
Group15.19	2311360	-3.8070785035785	0.000140618118535028	0.00498295286926749
Group15.19	2311452	-4.25475133941484	2.09281460417223e-05	0.00103757524045383
Group15.19	3527865	3.09314356265863	0.00198048302541219	0.0416440866510796
Group15.19	3816555	4.75105896568348	2.02354108163443e-06	0.000142015792274708
Group16.2	537248	4.29006712776411	1.78619119945801e-05	0.000897914162034522
Group16.2	696658	3.1990952846497	0.00137859596813614	0.0316345333834722
Group16.2	1012858	3.10064737554386	0.00193098095060184	0.0410827600671352
Group16.2	1146685	5.32161088242179	1.02852389077786e-07	1.0332921323899e-05
Group16.4	1441984	4.63244253650475	3.61376657978773e-06	0.000227079006943871
Group16.4	1444976	3.71949514705507	0.000199621382670569	0.00663848585816465
Group16.4	1445401	3.18033646437564	0.00147104142471818	0.0330540867325448
Group16.4	1445512	6.17251165308738	6.72135724493371e-10	1.15308617624196e-07
Group16.5	160279	3.5639712632862	0.000365285963528218	0.0106992159723929
Group16.5	160292	4.42621094913151	9.59027426415639e-06	0.000531142462969985
Group16.5	160327	7.40024460734954	1.35933867470386e-13	5.72767558422561e-11
Group16.5	283394	-5.62652388630085	1.83877334990662e-08	2.28430601905641e-06
Group16.5	398246	5.40509231906233	6.47750212530244e-08	7.00088429702687e-06
Group16.5	456175	-3.98902185761133	6.63463087047622e-05	0.002705927941438
Group16.5	513759	-3.65369816933896	0.000258490113193139	0.00809730284867321
Group16.5	513764	-3.07658474764251	0.00209386771642369	0.0432635027219086
Group16.5	515665	-3.1832989791447	0.00145607179074588	0.0327858831549615
Group16.5	543461	3.3346919488947	0.000853939414196152	0.0215354895880096
Group16.6	147893	4.1679077803181	3.07408247807768e-05	0.00141381631587505
GroupUn3	421695	-6.27519899167642	3.491874085847e-10	6.6210833543569e-08
GroupUn10	40329	-3.76830000973415	0.00016436309138727	0.00569370606318466
GroupUn10	40337	-3.96097498913943	7.46443518226035e-05	0.0029769599797
GroupUn12	77826	5.41334363136354	6.18586151411142e-08	6.82212155556288e-06
GroupUn12	77830	5.08398299126478	3.69601050760998e-07	3.2047805635849e-05
GroupUn54	34794	3.94309773270722	8.04358568864502e-05	0.00314982152619114
GroupUn54	34825	3.46731544371441	0.000525684591321749	0.0145885364059919
GroupUn54	217399	-4.26841963519462	1.96862726371749e-05	0.000980503385541875
GroupUn65	67445	3.01687839217564	0.0025539224592074	0.049914636417927
GroupUn81	2580	-3.50272648957713	0.000460522076881709	0.0130638388633531
GroupUn81	2602	-3.4276681625698	0.000608789121276427	0.0164494820568891
GroupUn81	2631	-4.16204955310559	3.15403882920999e-05	0.00143834817156547
GroupUn81	2660	-3.46694054231793	0.000526418319609257	0.0145885364059919
GroupUn81	2748	-4.4834458752023	7.34472383467876e-06	0.000426783737662409
GroupUn81	2783	-3.68866712001116	0.000225431931487653	0.00731672166822388
GroupUn106	34543	3.58539899913736	0.000336563241961252	0.0100485511577823
GroupUn106	34577	5.63363047000847	1.76454908557976e-08	2.21758680429605e-06
GroupUn106	38091	6.1114486358439	9.87307804123115e-10	1.59266011148696e-07
GroupUn106	38105	4.74890133999688	2.04524680682843e-06	0.000142613080569043
GroupUn107	41536	-3.35116180940877	0.000804732657729799	0.0205130909545841
GroupUn107	42435	5.49165252663913	3.9819022197984e-08	4.57834033952991e-06
GroupUn107	42481	4.09304346032392	4.25747883829816e-05	0.00184798519214163
GroupUn115	44679	-5.30268420586486	1.1411222497185e-07	1.12120447954159e-05
GroupUn120	33923	4.22153814246759	2.42640885644457e-05	0.00116202008180435
GroupUn162	13219	3.61077289296322	0.000305285898780374	0.00934711046464103
GroupUn162	13262	4.76232133679098	1.91378613993125e-06	0.000136080267107743
GroupUn162	13322	4.07017233026606	4.69783739573027e-05	0.00201485026083543
GroupUn171	4071	-5.69190358044567	1.25630795596613e-08	1.61644957000975e-06
GroupUn267	14600	-7.21362301376185	5.44824593414403e-13	1.78438309261299e-10
GroupUn286	2989	3.29815276977615	0.000973231680331597	0.0238519002290791
GroupUn993	568	4.94838443709857	7.48319979139775e-07	5.86075531488601e-05
GroupUn2002	11009	-3.01997723123787	0.00252793688645958	0.0496719637610368
